Time (hour)	Magnetic Field (nT)
0.016667	51350
0.033333	51349
0.05	51349
0.066667	51349
0.083333	51349
0.1	51349
0.116667	51350
0.133333	51350
0.15	51350
0.166667	51350
0.183333	51349
0.2	51349
0.216667	51349
0.233333	51349
0.25	51349
0.266667	51350
0.283333	51350
0.3	51349
0.316667	51350
0.333333	51350
0.35	51351
0.366667	51350
0.383333	51350
0.4	51350
0.416667	51349
0.433333	51349
0.45	51348
0.466667	51348
0.483333	51349
0.5	51350
0.516667	51350
0.533333	51350
0.55	51350
0.566667	51350
0.583333	51352
0.6	51352
0.616667	51351
0.633333	51351
0.65	51350
0.666667	51350
0.683333	51351
0.7	51351
0.716667	51350
0.733333	51351
0.75	51350
0.766667	51350
0.783333	51350
0.8	51350
0.816667	51350
0.833333	51351
0.85	51350
0.866667	51348
0.883333	51349
0.9	51350
0.916667	51350
0.933333	51350
0.95	51350
0.966667	51349
0.983333	51348
1	51348
1.016667	51348
1.033333	51349
1.05	51349
1.066667	51348
1.083333	51348
1.1	51348
1.116667	51347
1.133333	51346
1.15	51345
1.166667	51346
1.183333	51346
1.2	51346
1.216667	51346
1.233333	51345
1.25	51345
1.266667	51345
1.283333	51346
1.3	51344
1.316667	51346
1.333333	51345
1.35	51344
1.366667	51343
1.383333	51343
1.4	51344
1.416667	51344
1.433333	51344
1.45	51343
1.466667	51343
1.483333	51343
1.5	51342
1.516667	51341
1.533333	51340
1.55	51340
1.566667	51341
1.583333	51342
1.6	51341
1.616667	51341
1.633333	51341
1.65	51339
1.666667	51339
1.683333	51340
1.7	51340
1.716667	51340
1.733333	51339
1.75	51338
1.766667	51338
1.783333	51338
1.8	51337
1.816667	51338
1.833333	51337
1.85	51337
1.866667	51336
1.883333	51337
1.9	51336
1.916667	51337
1.933333	51336
1.95	51336
1.966667	51335
1.983333	51336
2	51335
2.016667	51335
2.033333	51335
2.05	51334
2.066667	51334
2.083333	51334
2.1	51334
2.116667	51333
2.133333	51333
2.15	51333
2.166667	51332
2.183333	51332
2.2	51331
2.216667	51330
2.233333	51330
2.25	51331
2.266667	51331
2.283333	51331
2.3	51330
2.316667	51331
2.333333	51330
2.35	51329
2.366667	51330
2.383333	51329
2.4	51329
2.416667	51329
2.433333	51329
2.45	51329
2.466667	51327
2.483333	51327
2.5	51326
2.516667	51326
2.533333	51326
2.55	51326
2.566667	51325
2.583333	51325
2.6	51325
2.616667	51325
2.633333	51326
2.65	51326
2.666667	51327
2.683333	51327
2.7	51325
2.716667	51327
2.733333	51327
2.75	51328
2.766667	51328
2.783333	51327
2.8	51328
2.816667	51328
2.833333	51327
2.85	51326
2.866667	51326
2.883333	51327
2.9	51326
2.916667	51326
2.933333	51326
2.95	51325
2.966667	51325
2.983333	51325
3	51325
3.016667	51325
3.033333	51323
3.05	51323
3.066667	51323
3.083333	51322
3.1	51322
3.116667	51323
3.133333	51323
3.15	51322
3.166667	51323
3.183333	51323
3.2	51323
3.216667	51325
3.233333	51324
3.25	51325
3.266667	51325
3.283333	51325
3.3	51326
3.316667	51326
3.333333	51325
3.35	51325
3.366667	51326
3.383333	51326
3.4	51325
3.416667	51325
3.433333	51325
3.45	51325
3.466667	51325
3.483333	51324
3.5	51325
3.516667	51324
3.533333	51325
3.55	51324
3.566667	51323
3.583333	51325
3.6	51324
3.616667	51323
3.633333	51323
3.65	51324
3.666667	51324
3.683333	51324
3.7	51323
3.716667	51323
3.733333	51325
3.75	51324
3.766667	51324
3.783333	51323
3.8	51323
3.816667	51323
3.833333	51323
3.85	51323
3.866667	51324
3.883333	51323
3.9	51323
3.916667	51323
3.933333	51323
3.95	51323
3.966667	51323
3.983333	51324
4	51323
4.016667	51323
4.033333	51323
4.05	51323
4.066667	51323
4.083333	51322
4.1	51323
4.116667	51323
4.133333	51324
4.15	51323
4.166667	51323
4.183333	51323
4.2	51323
4.216667	51322
4.233333	51322
4.25	51322
4.266667	51322
4.283333	51321
4.3	51321
4.316667	51321
4.333333	51322
4.35	51322
4.366667	51321
4.383333	51321
4.4	51321
4.416667	51321
4.433333	51321
4.45	51322
4.466667	51321
4.483333	51321
4.5	51322
4.516667	51321
4.533333	51322
4.55	51322
4.566667	51321
4.583333	51322
4.6	51322
4.616667	51322
4.633333	51322
4.65	51323
4.666667	51320
4.683333	51321
4.7	51321
4.716667	51321
4.733333	51321
4.75	51321
4.766667	51320
4.783333	51320
4.8	51319
4.816667	51320
4.833333	51320
4.85	51318
4.866667	51318
4.883333	51318
4.9	51317
4.916667	51317
4.933333	51316
4.95	51316
4.966667	51317
4.983333	51317
5	51316
5.016667	51316
5.033333	51316
5.05	51315
5.066667	51315
5.083333	51315
5.1	51315
5.116667	51315
5.133333	51315
5.15	51315
5.166667	51315
5.183333	51314
5.2	51314
5.216667	51313
5.233333	51313
5.25	51312
5.266667	51312
5.283333	51312
5.3	51313
5.316667	51311
5.333333	51312
5.35	51312
5.366667	51313
5.383333	51313
5.4	51314
5.416667	51314
5.433333	51316
5.45	51316
5.466667	51318
5.483333	51319
5.5	51319
5.516667	51320
5.533333	51320
5.55	51321
5.566667	51323
5.583333	51324
5.6	51325
5.616667	51326
5.633333	51326
5.65	51326
5.666667	51326
5.683333	51325
5.7	51326
5.716667	51326
5.733333	51328
5.75	51329
5.766667	51329
5.783333	51330
5.8	51330
5.816667	51331
5.833333	51334
5.85	51335
5.866667	51336
5.883333	51337
5.9	51338
5.916667	51339
5.933333	51340
5.95	51343
5.966667	51342
5.983333	51343
6	51342
6.016667	51344
6.033333	51345
6.05	51346
6.066667	51346
6.083333	51345
6.1	51344
6.116667	51343
6.133333	51343
6.15	51341
6.166667	51340
6.183333	51339
6.2	51338
6.216667	51337
6.233333	51335
6.25	51334
6.266667	51333
6.283333	51331
6.3	51330
6.316667	51328
6.333333	51328
6.35	51327
6.366667	51325
6.383333	51324
6.4	51324
6.416667	51325
6.433333	51323
6.45	51323
6.466667	51323
6.483333	51322
6.5	51323
6.516667	51322
6.533333	51323
6.55	51323
6.566667	51323
6.583333	51323
6.6	51323
6.616667	51324
6.633333	51325
6.65	51326
6.666667	51326
6.683333	51328
6.7	51329
6.716667	51331
6.733333	51332
6.75	51335
6.766667	51336
6.783333	51338
6.8	51339
6.816667	51340
6.833333	51340
6.85	51341
6.866667	51340
6.883333	51340
6.9	51341
6.916667	51342
6.933333	51342
6.95	51343
6.966667	51343
6.983333	51343
7	51343
7.016667	51343
7.033333	51343
7.05	51343
7.066667	51343
7.083333	51344
7.1	51342
7.116667	51344
7.133333	51345
7.15	51346
7.166667	51347
7.183333	51348
7.2	51348
7.216667	51350
7.233333	51350
7.25	51350
7.266667	51350
7.283333	51352
7.3	51352
7.316667	51351
7.333333	51350
7.35	51350
7.366667	51351
7.383333	51351
7.4	51351
7.416667	51351
7.433333	51351
7.45	51351
7.466667	51351
7.483333	51352
7.5	51352
7.516667	51350
7.533333	51350
7.55	51349
7.566667	51348
7.583333	51348
7.6	51346
7.616667	51347
7.633333	51346
7.65	51345
7.666667	51344
7.683333	51343
7.7	51343
7.716667	51342
7.733333	51340
7.75	51341
7.766667	51340
7.783333	51340
7.8	51339
7.816667	51340
7.833333	51339
7.85	51339
7.866667	51338
7.883333	51338
7.9	51338
7.916667	51338
7.933333	51338
7.95	51338
7.966667	51338
7.983333	51337
8	51338
8.016667	51337
8.033333	51337
8.05	51337
8.066667	51337
8.083333	51339
8.1	51339
8.116667	51340
8.133333	51340
8.15	51340
8.166667	51340
8.183333	51341
8.2	51342
8.216667	51341
8.233333	51341
8.25	51342
8.266667	51341
8.283333	51342
8.3	51341
8.316667	51341
8.333333	51340
8.35	51340
8.366667	51341
8.383333	51340
8.4	51338
8.416667	51339
8.433333	51338
8.45	51339
8.466667	51340
8.483333	51340
8.5	51340
8.516667	51340
8.533333	51341
8.55	51343
8.566667	51343
8.583333	51343
8.6	51344
8.616667	51344
8.633333	51344
8.65	51344
8.666667	51345
8.683333	51345
8.7	51346
8.716667	51346
8.733333	51346
8.75	51346
8.766667	51347
8.783333	51345
8.8	51346
8.816667	51346
8.833333	51346
8.85	51346
8.866667	51345
8.883333	51345
8.9	51344
8.916667	51343
8.933333	51343
8.95	51344
8.966667	51343
8.983333	51343
9	51343
9.016667	51343
9.033333	51343
9.05	51344
9.066667	51344
9.083333	51344
9.1	51344
9.116667	51345
9.133333	51345
9.15	51345
9.166667	51345
9.183333	51346
9.2	51347
9.216667	51348
9.233333	51348
9.25	51348
9.266667	51349
9.283333	51349
9.3	51349
9.316667	51350
9.333333	51350
9.35	51350
9.366667	51350
9.383333	51350
9.4	51349
9.416667	51349
9.433333	51350
9.45	51349
9.466667	51349
9.483333	51348
9.5	51347
9.516667	51347
9.533333	51346
9.55	51346
9.566667	51346
9.583333	51345
9.6	51345
9.616667	51346
9.633333	51345
9.65	51345
9.666667	51345
9.683333	51345
9.7	51345
9.716667	51345
9.733333	51345
9.75	51344
9.766667	51345
9.783333	51344
9.8	51344
9.816667	51344
9.833333	51344
9.85	51344
9.866667	51344
9.883333	51345
9.9	51344
9.916667	51344
9.933333	51344
9.95	51344
9.966667	51344
9.983333	51344
10	51343
10.016667	51344
10.033333	51345
10.05	51344
10.066667	51345
10.083333	51344
10.1	51345
10.116667	51345
10.133333	51345
10.15	51345
10.166667	51345
10.183333	51345
10.2	51345
10.216667	51345
10.233333	51346
10.25	51346
10.266667	51346
10.283333	51345
10.3	51345
10.316667	51345
10.333333	51345
10.35	51346
10.366667	51346
10.383333	51345
10.4	51347
10.416667	51346
10.433333	51346
10.45	51346
10.466667	51347
10.483333	51348
10.5	51346
10.516667	51347
10.533333	51347
10.55	51347
10.566667	51347
10.583333	51349
10.6	51348
10.616667	51348
10.633333	51348
10.65	51348
10.666667	51348
10.683333	51349
10.7	51350
10.716667	51352
10.733333	51353
10.75	51354
10.766667	51354
10.783333	51354
10.8	51355
10.816667	51353
10.833333	51354
10.85	51353
10.866667	51355
10.883333	51355
10.9	51355
10.916667	51355
10.933333	51355
10.95	51354
10.966667	51354
10.983333	51354
11	51354
11.016667	51353
11.033333	51355
11.05	51354
11.066667	51355
11.083333	51355
11.1	51355
11.116667	51354
11.133333	51353
11.15	51353
11.166667	51353
11.183333	51353
11.2	51352
11.216667	51352
11.233333	51353
11.25	51351
11.266667	51351
11.283333	51352
11.3	51352
11.316667	51352
11.333333	51353
11.35	51353
11.366667	51353
11.383333	51354
11.4	51353
11.416667	51354
11.433333	51354
11.45	51354
11.466667	51354
11.483333	51352
11.5	51353
11.516667	51353
11.533333	51354
11.55	51354
11.566667	51354
11.583333	51354
11.6	51353
11.616667	51353
11.633333	51353
11.65	51353
11.666667	51353
11.683333	51351
11.7	51352
11.716667	51352
11.733333	51353
11.75	51353
11.766667	51353
11.783333	51353
11.8	51353
11.816667	51353
11.833333	51353
11.85	51353
11.866667	51353
11.883333	51354
11.9	51354
11.916667	51354
11.933333	51355
11.95	51354
11.966667	51355
11.983333	51355
12	51355
12.016667	51356
12.033333	51357
12.05	51358
12.066667	51357
12.083333	51356
12.1	51356
12.116667	51357
12.133333	51357
12.15	51358
12.166667	51358
12.183333	51357
12.2	51358
12.216667	51357
12.233333	51358
12.25	51357
12.266667	51356
12.283333	51356
12.3	51356
12.316667	51356
12.333333	51355
12.35	51355
12.366667	51356
12.383333	51355
12.4	51355
12.416667	51355
12.433333	51354
12.45	51354
12.466667	51354
12.483333	51354
12.5	51354
12.516667	51354
12.533333	51354
12.55	51354
12.566667	51354
12.583333	51354
12.6	51353
12.616667	51353
12.633333	51354
12.65	51354
12.666667	51355
12.683333	51355
12.7	51355
12.716667	51356
12.733333	51356
12.75	51356
12.766667	51356
12.783333	51355
12.8	51355
12.816667	51356
12.833333	51356
12.85	51355
12.866667	51355
12.883333	51355
12.9	51356
12.916667	51355
12.933333	51356
12.95	51355
12.966667	51355
12.983333	51354
13	51354
13.016667	51353
13.033333	51353
13.05	51353
13.066667	51353
13.083333	51353
13.1	51354
13.116667	51354
13.133333	51355
13.15	51354
13.166667	51353
13.183333	51354
13.2	51353
13.216667	51355
13.233333	51355
13.25	51355
13.266667	51355
13.283333	51355
13.3	51355
13.316667	51355
13.333333	51356
13.35	51356
13.366667	51355
13.383333	51356
13.4	51357
13.416667	51357
13.433333	51358
13.45	51357
13.466667	51357
13.483333	51356
13.5	51356
13.516667	51356
13.533333	51355
13.55	51355
13.566667	51355
13.583333	51355
13.6	51355
13.616667	51355
13.633333	51355
13.65	51355
13.666667	51357
13.683333	51358
13.7	51359
13.716667	51359
13.733333	51360
13.75	51362
13.766667	51362
13.783333	51361
13.8	51361
13.816667	51362
13.833333	51361
13.85	51362
13.866667	51363
13.883333	51364
13.9	51363
13.916667	51364
13.933333	51363
13.95	51364
13.966667	51363
13.983333	51365
14	51365
14.016667	51364
14.033333	51365
14.05	51366
14.066667	51366
14.083333	51366
14.1	51366
14.116667	51366
14.133333	51367
14.15	51369
14.166667	51371
14.183333	51373
14.2	51376
14.216667	51377
14.233333	51377
14.25	51378
14.266667	51377
14.283333	51376
14.3	51375
14.316667	51374
14.333333	51372
14.35	51369
14.366667	51368
14.383333	51366
14.4	51365
14.416667	51364
14.433333	51362
14.45	51361
14.466667	51361
14.483333	51362
14.5	51360
14.516667	51360
14.533333	51360
14.55	51359
14.566667	51359
14.583333	51358
14.6	51356
14.616667	51356
14.633333	51356
14.65	51356
14.666667	51355
14.683333	51356
14.7	51354
14.716667	51354
14.733333	51354
14.75	51355
14.766667	51354
14.783333	51354
14.8	51354
14.816667	51355
14.833333	51354
14.85	51354
14.866667	51354
14.883333	51354
14.9	51354
14.916667	51353
14.933333	51354
14.95	51353
14.966667	51353
14.983333	51352
15	51353
15.016667	51353
15.033333	51353
15.05	51354
15.066667	51354
15.083333	51354
15.1	51354
15.116667	51353
15.133333	51354
15.15	51354
15.166667	51353
15.183333	51352
15.2	51352
15.216667	51351
15.233333	51351
15.25	51351
15.266667	51351
15.283333	51352
15.3	51351
15.316667	51352
15.333333	51352
15.35	51352
15.366667	51353
15.383333	51352
15.4	51353
15.416667	51353
15.433333	51353
15.45	51354
15.466667	51353
15.483333	51354
15.5	51354
15.516667	51354
15.533333	51354
15.55	51354
15.566667	51355
15.583333	51355
15.6	51356
15.616667	51358
15.633333	51359
15.65	51359
15.666667	51360
15.683333	51359
15.7	51357
15.716667	51357
15.733333	51357
15.75	51356
15.766667	51356
15.783333	51356
15.8	51355
15.816667	51356
15.833333	51355
15.85	51355
15.866667	51355
15.883333	51355
15.9	51355
15.916667	51355
15.933333	51355
15.95	51355
15.966667	51355
15.983333	51354
16	51355
16.016667	51355
16.033333	51355
16.05	51355
16.066667	51355
16.083333	51355
16.1	51355
16.116667	51355
16.133333	51354
16.15	51355
16.166667	51354
16.183333	51354
16.2	51354
16.216667	51353
16.233333	51353
16.25	51354
16.266667	51354
16.283333	51353
16.3	51353
16.316667	51354
16.333333	51356
16.35	51360
16.366667	51364
16.383333	51368
16.4	51370
16.416667	51371
16.433333	51372
16.45	51373
16.466667	51374
16.483333	51374
16.5	51375
16.516667	51375
16.533333	51375
16.55	51375
16.566667	51375
16.583333	51374
16.6	51376
16.616667	51376
16.633333	51374
16.65	51374
16.666667	51374
16.683333	51374
16.7	51375
16.716667	51375
16.733333	51375
16.75	51375
16.766667	51375
16.783333	51375
16.8	51374
16.816667	51375
16.833333	51374
16.85	51372
16.866667	51371
16.883333	51371
16.9	51371
16.916667	51369
16.933333	51368
16.95	51367
16.966667	51366
16.983333	51364
17	51362
17.016667	51361
17.033333	51360
17.05	51360
17.066667	51358
17.083333	51357
17.1	51357
17.116667	51358
17.133333	51356
17.15	51357
17.166667	51355
17.183333	51356
17.2	51356
17.216667	51356
17.233333	51355
17.25	51355
17.266667	51355
17.283333	51355
17.3	51355
17.316667	51355
17.333333	51355
17.35	51355
17.366667	51355
17.383333	51355
17.4	51356
17.416667	51357
17.433333	51357
17.45	51358
17.466667	51357
17.483333	51356
17.5	51357
17.516667	51356
17.533333	51356
17.55	51356
17.566667	51356
17.583333	51355
17.6	51354
17.616667	51352
17.633333	51351
17.65	51350
17.666667	51350
17.683333	51350
17.7	51349
17.716667	51348
17.733333	51348
17.75	51348
17.766667	51348
17.783333	51348
17.8	51348
17.816667	51348
17.833333	51349
17.85	51349
17.866667	51348
17.883333	51349
17.9	51349
17.916667	51349
17.933333	51349
17.95	51348
17.966667	51348
17.983333	51348
18	51347
18.016667	51348
18.033333	51346
18.05	51345
18.066667	51345
18.083333	51346
18.1	51345
18.116667	51344
18.133333	51342
18.15	51342
18.166667	51342
18.183333	51342
18.2	51341
18.216667	51343
18.233333	51342
18.25	51342
18.266667	51343
18.283333	51343
18.3	51342
18.316667	51341
18.333333	51341
18.35	51340
18.366667	51340
18.383333	51340
18.4	51340
18.416667	51340
18.433333	51339
18.45	51337
18.466667	51338
18.483333	51337
18.5	51337
18.516667	51336
18.533333	51337
18.55	51337
18.566667	51335
18.583333	51336
18.6	51337
18.616667	51337
18.633333	51338
18.65	51337
18.666667	51336
18.683333	51335
18.7	51335
18.716667	51334
18.733333	51333
18.75	51333
18.766667	51332
18.783333	51333
18.8	51334
18.816667	51334
18.833333	51334
18.85	51334
18.866667	51334
18.883333	51335
18.9	51335
18.916667	51335
18.933333	51335
18.95	51335
18.966667	51335
18.983333	51334
19	51334
19.016667	51334
19.033333	51333
19.05	51333
19.066667	51334
19.083333	51334
19.1	51334
19.116667	51334
19.133333	51335
19.15	51335
19.166667	51335
19.183333	51336
19.2	51338
19.216667	51338
19.233333	51338
19.25	51340
19.266667	51340
19.283333	51339
19.3	51340
19.316667	51339
19.333333	51340
19.35	51341
19.366667	51342
19.383333	51344
19.4	51344
19.416667	51345
19.433333	51349
19.45	51351
19.466667	51353
19.483333	51355
19.5	51356
19.516667	51357
19.533333	51356
19.55	51357
19.566667	51355
19.583333	51356
19.6	51354
19.616667	51353
19.633333	51352
19.65	51350
19.666667	51350
19.683333	51348
19.7	51346
19.716667	51344
19.733333	51343
19.75	51341
19.766667	51339
19.783333	51338
19.8	51336
19.816667	51335
19.833333	51333
19.85	51331
19.866667	51328
19.883333	51327
19.9	51326
19.916667	51325
19.933333	51325
19.95	51323
19.966667	51322
19.983333	51321
20	51320
20.016667	51320
20.033333	51318
20.05	51316
20.066667	51317
20.083333	51316
20.1	51315
20.116667	51315
20.133333	51315
20.15	51315
20.166667	51315
20.183333	51314
20.2	51315
20.216667	51315
20.233333	51315
20.25	51316
20.266667	51316
20.283333	51317
20.3	51316
20.316667	51317
20.333333	51317
20.35	51317
20.366667	51316
20.383333	51317
20.4	51318
20.416667	51318
20.433333	51319
20.45	51320
20.466667	51320
20.483333	51321
20.5	51320
20.516667	51321
20.533333	51322
20.55	51323
20.566667	51324
20.583333	51325
20.6	51325
20.616667	51328
20.633333	51327
20.65	51328
20.666667	51330
20.683333	51330
20.7	51330
20.716667	51330
20.733333	51330
20.75	51331
20.766667	51331
20.783333	51331
20.8	51331
20.816667	51331
20.833333	51330
20.85	51329
20.866667	51329
20.883333	51328
20.9	51328
20.916667	51328
20.933333	51328
20.95	51327
20.966667	51327
20.983333	51327
21	51328
21.016667	51327
21.033333	51326
21.05	51325
21.066667	51324
21.083333	51324
21.1	51324
21.116667	51324
21.133333	51324
21.15	51325
21.166667	51325
21.183333	51324
21.2	51324
21.216667	51325
21.233333	51324
21.25	51324
21.266667	51324
21.283333	51324
21.3	51324
21.316667	51324
21.333333	51324
21.35	51325
21.366667	51325
21.383333	51325
21.4	51324
21.416667	51324
21.433333	51325
21.45	51326
21.466667	51326
21.483333	51325
21.5	51325
21.516667	51325
21.533333	51325
21.55	51325
21.566667	51326
21.583333	51326
21.6	51327
21.616667	51326
21.633333	51327
21.65	51329
21.666667	51331
21.683333	51332
21.7	51333
21.716667	51334
21.733333	51334
21.75	51334
21.766667	51332
21.783333	51331
21.8	51331
21.816667	51330
21.833333	51330
21.85	51328
21.866667	51330
21.883333	51330
21.9	51330
21.916667	51329
21.933333	51330
21.95	51331
21.966667	51332
21.983333	51333
22	51333
22.016667	51334
22.033333	51333
22.05	51334
22.066667	51334
22.083333	51335
22.1	51336
22.116667	51337
22.133333	51338
22.15	51340
22.166667	51341
22.183333	51340
22.2	51340
22.216667	51340
22.233333	51339
22.25	51339
22.266667	51338
22.283333	51339
22.3	51340
22.316667	51340
22.333333	51340
22.35	51341
22.366667	51340
22.383333	51341
22.4	51341
22.416667	51340
22.433333	51341
22.45	51340
22.466667	51340
22.483333	51341
22.5	51340
22.516667	51340
22.533333	51340
22.55	51340
22.566667	51340
22.583333	51340
22.6	51340
22.616667	51340
22.633333	51341
22.65	51341
22.666667	51340
22.683333	51341
22.7	51340
22.716667	51340
22.733333	51341
22.75	51341
22.766667	51342
22.783333	51341
22.8	51342
22.816667	51342
22.833333	51342
22.85	51342
22.866667	51344
22.883333	51344
22.9	51343
22.916667	51343
22.933333	51342
22.95	51342
22.966667	51341
22.983333	51342
23	51343
23.016667	51343
23.033333	51343
23.05	51343
23.066667	51343
23.083333	51343
23.1	51344
23.116667	51344
23.133333	51345
23.15	51344
23.166667	51345
23.183333	51344
23.2	51344
23.216667	51345
23.233333	51344
23.25	51343
23.266667	51345
23.283333	51345
23.3	51343
23.316667	51344
23.333333	51345
23.35	51346
23.366667	51346
23.383333	51346
23.4	51348
23.416667	51347
23.433333	51346
23.45	51348
23.466667	51347
23.483333	51346
23.5	51347
23.516667	51347
23.533333	51347
23.55	51348
23.566667	51348
23.583333	51350
23.6	51349
23.616667	51350
23.633333	51350
23.65	51349
23.666667	51349
23.683333	51349
23.7	51349
23.716667	51349
23.733333	51349
23.75	51348
23.766667	51347
23.783333	51346
23.8	51347
23.816667	51346
23.833333	51348
23.85	51348
23.866667	51347
23.883333	51345
23.9	51346
23.916667	51346
23.933333	51345
23.95	51346
23.966667	51347
23.983333	51346
24	51348
24.016667	51348
24.033333	51345
24.05	51345
24.066667	51345
24.083333	51345
24.1	51346
24.116667	51346
24.133333	51345
24.15	51345
24.166667	51345
24.183333	51345
24.2	51346
24.216667	51347
24.233333	51347
24.25	51347
24.266667	51347
24.283333	51347
24.3	51348
24.316667	51345
24.333333	51348
24.35	51349
24.366667	51349
24.383333	51350
24.4	51349
24.416667	51348
24.433333	51348
24.45	51346
24.466667	51346
24.483333	51345
24.5	51345
24.516667	51345
24.533333	51346
24.55	51345
24.566667	51345
24.583333	51345
24.6	51344
24.616667	51345
24.633333	51345
24.65	51344
24.666667	51344
24.683333	51343
24.7	51344
24.716667	51344
24.733333	51343
24.75	51344
24.766667	51342
24.783333	51342
24.8	51343
24.816667	51341
24.833333	51342
24.85	51346
24.866667	51348
24.883333	51344
24.9	51344
24.916667	51343
24.933333	51341
24.95	51341
24.966667	51342
24.983333	51342
25	51342
25.016667	51341
25.033333	51342
25.05	51342
25.066667	51343
25.083333	51342
25.1	51343
25.116667	51342
25.133333	51342
25.15	51342
25.166667	51343
25.183333	51342
25.2	51343
25.216667	51344
25.233333	51343
25.25	51343
25.266667	51343
25.283333	51343
25.3	51343
25.316667	51343
25.333333	51342
25.35	51343
25.366667	51343
25.383333	51342
25.4	51343
25.416667	51342
25.433333	51342
25.45	51342
25.466667	51342
25.483333	51342
25.5	51342
25.516667	51341
25.533333	51343
25.55	51342
25.566667	51342
25.583333	51342
25.6	51342
25.616667	51343
25.633333	51343
25.65	51342
25.666667	51344
25.683333	51344
25.7	51345
25.716667	51345
25.733333	51345
25.75	51345
25.766667	51345
25.783333	51343
25.8	51343
25.816667	51344
25.833333	51344
25.85	51344
25.866667	51345
25.883333	51345
25.9	51344
25.916667	51344
25.933333	51344
25.95	51344
25.966667	51344
25.983333	51344
26	51344
26.016667	51344
26.033333	51344
26.05	51344
26.066667	51344
26.083333	51343
26.1	51344
26.116667	51344
26.133333	51343
26.15	51343
26.166667	51342
26.183333	51343
26.2	51343
26.216667	51342
26.233333	51341
26.25	51343
26.266667	51343
26.283333	51343
26.3	51343
26.316667	51344
26.333333	51344
26.35	51342
26.366667	51342
26.383333	51343
26.4	51343
26.416667	51342
26.433333	51343
26.45	51343
26.466667	51343
26.483333	51343
26.5	51342
26.516667	51343
26.533333	51343
26.55	51343
26.566667	51343
26.583333	51342
26.6	51343
26.616667	51343
26.633333	51342
26.65	51343
26.666667	51343
26.683333	51343
26.7	51342
26.716667	51342
26.733333	51342
26.75	51342
26.766667	51342
26.783333	51343
26.8	51343
26.816667	51342
26.833333	51342
26.85	51342
26.866667	51341
26.883333	51341
26.9	51342
26.916667	51341
26.933333	51340
26.95	51341
26.966667	51343
26.983333	51341
27	51341
27.016667	51341
27.033333	51340
27.05	51340
27.066667	51341
27.083333	51341
27.1	51341
27.116667	51341
27.133333	51342
27.15	51341
27.166667	51341
27.183333	51341
27.2	51340
27.216667	51340
27.233333	51340
27.25	51340
27.266667	51339
27.283333	51338
27.3	51338
27.316667	51339
27.333333	51338
27.35	51337
27.366667	51338
27.383333	51338
27.4	51336
27.416667	51336
27.433333	51335
27.45	51335
27.466667	51335
27.483333	51336
27.5	51336
27.516667	51335
27.533333	51335
27.55	51334
27.566667	51333
27.583333	51333
27.6	51333
27.616667	51333
27.633333	51333
27.65	51332
27.666667	51332
27.683333	51332
27.7	51333
27.716667	51333
27.733333	51332
27.75	51333
27.766667	51329
27.783333	51332
27.8	51331
27.816667	51331
27.833333	51331
27.85	51330
27.866667	51330
27.883333	51330
27.9	51330
27.916667	51330
27.933333	51329
27.95	51329
27.966667	51327
27.983333	51328
28	51328
28.016667	51327
28.033333	51328
28.05	51327
28.066667	51327
28.083333	51326
28.1	51326
28.116667	51326
28.133333	51326
28.15	51326
28.166667	51326
28.183333	51325
28.2	51324
28.216667	51325
28.233333	51324
28.25	51325
28.266667	51325
28.283333	51324
28.3	51324
28.316667	51324
28.333333	51324
28.35	51324
28.366667	51323
28.383333	51324
28.4	51324
28.416667	51324
28.433333	51324
28.45	51324
28.466667	51323
28.483333	51323
28.5	51322
28.516667	51323
28.533333	51323
28.55	51321
28.566667	51321
28.583333	51320
28.6	51320
28.616667	51320
28.633333	51320
28.65	51321
28.666667	51322
28.683333	51322
28.7	51321
28.716667	51323
28.733333	51324
28.75	51323
28.766667	51322
28.783333	51322
28.8	51321
28.816667	51320
28.833333	51320
28.85	51321
28.866667	51321
28.883333	51321
28.9	51322
28.916667	51321
28.933333	51321
28.95	51323
28.966667	51323
28.983333	51323
29	51324
29.016667	51324
29.033333	51325
29.05	51326
29.066667	51327
29.083333	51326
29.1	51326
29.116667	51327
29.133333	51327
29.15	51327
29.166667	51328
29.183333	51326
29.2	51326
29.216667	51325
29.233333	51325
29.25	51325
29.266667	51326
29.283333	51327
29.3	51326
29.316667	51327
29.333333	51325
29.35	51326
29.366667	51325
29.383333	51325
29.4	51326
29.416667	51325
29.433333	51325
29.45	51324
29.466667	51324
29.483333	51324
29.5	51321
29.516667	51322
29.533333	51321
29.55	51320
29.566667	51321
29.583333	51321
29.6	51320
29.616667	51320
29.633333	51320
29.65	51320
29.666667	51321
29.683333	51320
29.7	51321
29.716667	51321
29.733333	51321
29.75	51320
29.766667	51321
29.783333	51321
29.8	51321
29.816667	51322
29.833333	51321
29.85	51322
29.866667	51322
29.883333	51322
29.9	51322
29.916667	51321
29.933333	51321
29.95	51321
29.966667	51320
29.983333	51321
30	51320
30.016667	51321
30.033333	51321
30.05	51321
30.066667	51322
30.083333	51324
30.1	51324
30.116667	51324
30.133333	51325
30.15	51324
30.166667	51324
30.183333	51324
30.2	51324
30.216667	51324
30.233333	51324
30.25	51325
30.266667	51324
30.283333	51324
30.3	51324
30.316667	51323
30.333333	51324
30.35	51324
30.366667	51324
30.383333	51323
30.4	51323
30.416667	51323
30.433333	51324
30.45	51323
30.466667	51324
30.483333	51324
30.5	51324
30.516667	51324
30.533333	51324
30.55	51324
30.566667	51324
30.583333	51324
30.6	51325
30.616667	51325
30.633333	51325
30.65	51325
30.666667	51325
30.683333	51324
30.7	51324
30.716667	51325
30.733333	51325
30.75	51325
30.766667	51325
30.783333	51325
30.8	51325
30.816667	51326
30.833333	51326
30.85	51325
30.866667	51325
30.883333	51326
30.9	51326
30.916667	51326
30.933333	51327
30.95	51328
30.966667	51330
30.983333	51330
31	51333
31.016667	51332
31.033333	51334
31.05	51334
31.066667	51335
31.083333	51336
31.1	51338
31.116667	51340
31.133333	51341
31.15	51341
31.166667	51342
31.183333	51343
31.2	51344
31.216667	51344
31.233333	51344
31.25	51345
31.266667	51345
31.283333	51344
31.3	51343
31.316667	51342
31.333333	51341
31.35	51340
31.366667	51339
31.383333	51337
31.4	51336
31.416667	51335
31.433333	51333
31.45	51330
31.466667	51331
31.483333	51329
31.5	51328
31.516667	51327
31.533333	51326
31.55	51324
31.566667	51323
31.583333	51320
31.6	51320
31.616667	51320
31.633333	51318
31.65	51318
31.666667	51318
31.683333	51318
31.7	51318
31.716667	51317
31.733333	51317
31.75	51317
31.766667	51320
31.783333	51320
31.8	51320
31.816667	51321
31.833333	51322
31.85	51323
31.866667	51323
31.883333	51324
31.9	51323
31.916667	51325
31.933333	51325
31.95	51326
31.966667	51327
31.983333	51328
32	51329
32.016667	51328
32.033333	51329
32.05	51330
32.066667	51330
32.083333	51329
32.1	51329
32.116667	51329
32.133333	51329
32.15	51328
32.166667	51328
32.183333	51327
32.2	51328
32.216667	51327
32.233333	51326
32.25	51326
32.266667	51328
32.283333	51327
32.3	51328
32.316667	51326
32.333333	51326
32.35	51326
32.366667	51325
32.383333	51325
32.4	51326
32.416667	51325
32.433333	51325
32.45	51325
32.466667	51325
32.483333	51326
32.5	51327
32.516667	51328
32.533333	51330
32.55	51331
32.566667	51333
32.583333	51334
32.6	51335
32.616667	51335
32.633333	51335
32.65	51335
32.666667	51336
32.683333	51337
32.7	51338
32.716667	51338
32.733333	51339
32.75	51340
32.766667	51341
32.783333	51341
32.8	51341
32.816667	51342
32.833333	51343
32.85	51344
32.866667	51344
32.883333	51345
32.9	51345
32.916667	51345
32.933333	51346
32.95	51346
32.966667	51347
32.983333	51347
33	51348
33.016667	51347
33.033333	51347
33.05	51348
33.066667	51348
33.083333	51348
33.1	51349
33.116667	51350
33.133333	51350
33.15	51350
33.166667	51350
33.183333	51350
33.2	51350
33.216667	51350
33.233333	51351
33.25	51352
33.266667	51352
33.283333	51351
33.3	51351
33.316667	51351
33.333333	51352
33.35	51352
33.366667	51351
33.383333	51352
33.4	51352
33.416667	51352
33.433333	51352
33.45	51351
33.466667	51352
33.483333	51352
33.5	51351
33.516667	51351
33.533333	51351
33.55	51352
33.566667	51352
33.583333	51352
33.6	51351
33.616667	51351
33.633333	51351
33.65	51351
33.666667	51351
33.683333	51352
33.7	51352
33.716667	51351
33.733333	51352
33.75	51352
33.766667	51353
33.783333	51353
33.8	51353
33.816667	51353
33.833333	51351
33.85	51351
33.866667	51350
33.883333	51350
33.9	51351
33.916667	51350
33.933333	51351
33.95	51350
33.966667	51350
33.983333	51350
34	51350
34.016667	51350
34.033333	51351
34.05	51351
34.066667	51352
34.083333	51352
34.1	51351
34.116667	51352
34.133333	51351
34.15	51352
34.166667	51353
34.183333	51351
34.2	51352
34.216667	51353
34.233333	51352
34.25	51352
34.266667	51352
34.283333	51351
34.3	51350
34.316667	51351
34.333333	51350
34.35	51350
34.366667	51350
34.383333	51349
34.4	51348
34.416667	51348
34.433333	51347
34.45	51346
34.466667	51345
34.483333	51346
34.5	51346
34.516667	51346
34.533333	51345
34.55	51346
34.566667	51345
34.583333	51346
34.6	51346
34.616667	51348
34.633333	51348
34.65	51348
34.666667	51348
34.683333	51349
34.7	51349
34.716667	51349
34.733333	51349
34.75	51349
34.766667	51349
34.783333	51349
34.8	51348
34.816667	51348
34.833333	51347
34.85	51347
34.866667	51347
34.883333	51347
34.9	51348
34.916667	51347
34.933333	51348
34.95	51349
34.966667	51349
34.983333	51350
35	51349
35.016667	51350
35.033333	51349
35.05	51349
35.066667	51348
35.083333	51348
35.1	51348
35.116667	51348
35.133333	51349
35.15	51348
35.166667	51348
35.183333	51347
35.2	51347
35.216667	51347
35.233333	51346
35.25	51346
35.266667	51346
35.283333	51345
35.3	51345
35.316667	51346
35.333333	51347
35.35	51348
35.366667	51347
35.383333	51349
35.4	51350
35.416667	51351
35.433333	51351
35.45	51351
35.466667	51351
35.483333	51350
35.5	51351
35.516667	51350
35.533333	51350
35.55	51349
35.566667	51349
35.583333	51349
35.6	51348
35.616667	51348
35.633333	51347
35.65	51348
35.666667	51348
35.683333	51347
35.7	51346
35.716667	51346
35.733333	51347
35.75	51347
35.766667	51347
35.783333	51348
35.8	51347
35.816667	51348
35.833333	51349
35.85	51349
35.866667	51349
35.883333	51348
35.9	51350
35.916667	51349
35.933333	51350
35.95	51350
35.966667	51350
35.983333	51350
36	51350
36.016667	51351
36.033333	51350
36.05	51351
36.066667	51351
36.083333	51350
36.1	51350
36.116667	51350
36.133333	51349
36.15	51349
36.166667	51349
36.183333	51348
36.2	51348
36.216667	51347
36.233333	51348
36.25	51347
36.266667	51347
36.283333	51347
36.3	51346
36.316667	51347
36.333333	51347
36.35	51347
36.366667	51347
36.383333	51347
36.4	51347
36.416667	51347
36.433333	51347
36.45	51346
36.466667	51347
36.483333	51348
36.5	51346
36.516667	51346
36.533333	51346
36.55	51347
36.566667	51347
36.583333	51347
36.6	51346
36.616667	51347
36.633333	51347
36.65	51346
36.666667	51347
36.683333	51348
36.7	51349
36.716667	51348
36.733333	51349
36.75	51348
36.766667	51350
36.783333	51349
36.8	51348
36.816667	51348
36.833333	51348
36.85	51347
36.866667	51348
36.883333	51347
36.9	51346
36.916667	51346
36.933333	51346
36.95	51347
36.966667	51347
36.983333	51346
37	51347
37.016667	51347
37.033333	51348
37.05	51348
37.066667	51348
37.083333	51348
37.1	51349
37.116667	51349
37.133333	51349
37.15	51349
37.166667	51348
37.183333	51348
37.2	51349
37.216667	51348
37.233333	51348
37.25	51348
37.266667	51348
37.283333	51348
37.3	51347
37.316667	51348
37.333333	51347
37.35	51348
37.366667	51348
37.383333	51348
37.4	51348
37.416667	51348
37.433333	51348
37.45	51349
37.466667	51349
37.483333	51349
37.5	51349
37.516667	51349
37.533333	51349
37.55	51348
37.566667	51349
37.583333	51350
37.6	51349
37.616667	51348
37.633333	51350
37.65	51349
37.666667	51350
37.683333	51350
37.7	51351
37.716667	51351
37.733333	51351
37.75	51351
37.766667	51352
37.783333	51352
37.8	51352
37.816667	51352
37.833333	51351
37.85	51351
37.866667	51351
37.883333	51351
37.9	51350
37.916667	51350
37.933333	51350
37.95	51350
37.966667	51350
37.983333	51350
38	51350
38.016667	51350
38.033333	51351
38.05	51351
38.066667	51350
38.083333	51350
38.1	51350
38.116667	51349
38.133333	51351
38.15	51350
38.166667	51350
38.183333	51350
38.2	51351
38.216667	51351
38.233333	51351
38.25	51351
38.266667	51353
38.283333	51352
38.3	51352
38.316667	51352
38.333333	51353
38.35	51353
38.366667	51352
38.383333	51352
38.4	51353
38.416667	51353
38.433333	51353
38.45	51352
38.466667	51353
38.483333	51353
38.5	51353
38.516667	51354
38.533333	51355
38.55	51354
38.566667	51355
38.583333	51355
38.6	51354
38.616667	51355
38.633333	51355
38.65	51354
38.666667	51355
38.683333	51355
38.7	51355
38.716667	51355
38.733333	51355
38.75	51355
38.766667	51355
38.783333	51354
38.8	51355
38.816667	51355
38.833333	51355
38.85	51355
38.866667	51356
38.883333	51357
38.9	51355
38.916667	51357
38.933333	51357
38.95	51358
38.966667	51358
38.983333	51358
39	51359
39.016667	51359
39.033333	51357
39.05	51356
39.066667	51357
39.083333	51356
39.1	51356
39.116667	51356
39.133333	51356
39.15	51357
39.166667	51356
39.183333	51356
39.2	51356
39.216667	51357
39.233333	51358
39.25	51357
39.266667	51358
39.283333	51357
39.3	51358
39.316667	51358
39.333333	51357
39.35	51357
39.366667	51357
39.383333	51357
39.4	51357
39.416667	51357
39.433333	51356
39.45	51355
39.466667	51355
39.483333	51355
39.5	51355
39.516667	51355
39.533333	51355
39.55	51355
39.566667	51355
39.583333	51354
39.6	51354
39.616667	51354
39.633333	51354
39.65	51355
39.666667	51356
39.683333	51356
39.7	51357
39.716667	51356
39.733333	51357
39.75	51358
39.766667	51358
39.783333	51358
39.8	51358
39.816667	51358
39.833333	51357
39.85	51357
39.866667	51356
39.883333	51355
39.9	51355
39.916667	51354
39.933333	51352
39.95	51351
39.966667	51349
39.983333	51348
40	51348
40.016667	51348
40.033333	51348
40.05	51350
40.066667	51350
40.083333	51351
40.1	51350
40.116667	51351
40.133333	51351
40.15	51353
40.166667	51353
40.183333	51354
40.2	51354
40.216667	51354
40.233333	51355
40.25	51355
40.266667	51356
40.283333	51355
40.3	51355
40.316667	51355
40.333333	51355
40.35	51355
40.366667	51355
40.383333	51355
40.4	51355
40.416667	51354
40.433333	51354
40.45	51355
40.466667	51354
40.483333	51353
40.5	51354
40.516667	51353
40.533333	51353
40.55	51353
40.566667	51353
40.583333	51354
40.6	51353
40.616667	51353
40.633333	51353
40.65	51353
40.666667	51353
40.683333	51353
40.7	51354
40.716667	51355
40.733333	51355
40.75	51355
40.766667	51356
40.783333	51358
40.8	51359
40.816667	51360
40.833333	51360
40.85	51360
40.866667	51358
40.883333	51358
40.9	51358
40.916667	51358
40.933333	51356
40.95	51356
40.966667	51356
40.983333	51354
41	51354
41.016667	51354
41.033333	51353
41.05	51352
41.066667	51351
41.083333	51351
41.1	51351
41.116667	51351
41.133333	51352
41.15	51352
41.166667	51352
41.183333	51351
41.2	51353
41.216667	51354
41.233333	51354
41.25	51354
41.266667	51355
41.283333	51355
41.3	51355
41.316667	51354
41.333333	51353
41.35	51354
41.366667	51354
41.383333	51354
41.4	51355
41.416667	51355
41.433333	51355
41.45	51354
41.466667	51355
41.483333	51354
41.5	51355
41.516667	51356
41.533333	51356
41.55	51356
41.566667	51355
41.583333	51353
41.6	51351
41.616667	51350
41.633333	51349
41.65	51349
41.666667	51348
41.683333	51347
41.7	51348
41.716667	51347
41.733333	51348
41.75	51349
41.766667	51348
41.783333	51349
41.8	51350
41.816667	51350
41.833333	51351
41.85	51353
41.866667	51353
41.883333	51353
41.9	51354
41.916667	51354
41.933333	51355
41.95	51356
41.966667	51357
41.983333	51358
42	51358
42.016667	51358
42.033333	51358
42.05	51360
42.066667	51360
42.083333	51361
42.1	51362
42.116667	51362
42.133333	51363
42.15	51363
42.166667	51363
42.183333	51363
42.2	51362
42.216667	51362
42.233333	51362
42.25	51363
42.266667	51364
42.283333	51364
42.3	51364
42.316667	51363
42.333333	51363
42.35	51362
42.366667	51360
42.383333	51359
42.4	51358
42.416667	51355
42.433333	51354
42.45	51353
42.466667	51351
42.483333	51351
42.5	51350
42.516667	51348
42.533333	51347
42.55	51346
42.566667	51345
42.583333	51345
42.6	51343
42.616667	51342
42.633333	51341
42.65	51341
42.666667	51341
42.683333	51340
42.7	51341
42.716667	51341
42.733333	51341
42.75	51343
42.766667	51343
42.783333	51344
42.8	51344
42.816667	51344
42.833333	51344
42.85	51344
42.866667	51344
42.883333	51344
42.9	51344
42.916667	51344
42.933333	51343
42.95	51343
42.966667	51343
42.983333	51343
43	51342
43.016667	51343
43.033333	51342
43.05	51343
43.066667	51343
43.083333	51342
43.1	51341
43.116667	51342
43.133333	51340
43.15	51341
43.166667	51340
43.183333	51340
43.2	51340
43.216667	51339
43.233333	51338
43.25	51339
43.266667	51340
43.283333	51342
43.3	51345
43.316667	51349
43.333333	51353
43.35	51356
43.366667	51359
43.383333	51361
43.4	51364
43.416667	51364
43.433333	51366
43.45	51366
43.466667	51368
43.483333	51366
43.5	51365
43.516667	51363
43.533333	51363
43.55	51363
43.566667	51363
43.583333	51361
43.6	51361
43.616667	51358
43.633333	51355
43.65	51354
43.666667	51351
43.683333	51350
43.7	51347
43.716667	51346
43.733333	51344
43.75	51341
43.766667	51339
43.783333	51339
43.8	51338
43.816667	51337
43.833333	51337
43.85	51337
43.866667	51336
43.883333	51337
43.9	51337
43.916667	51338
43.933333	51338
43.95	51339
43.966667	51339
43.983333	51339
44	51340
44.016667	51340
44.033333	51339
44.05	51340
44.066667	51341
44.083333	51341
44.1	51341
44.116667	51340
44.133333	51339
44.15	51339
44.166667	51339
44.183333	51339
44.2	51339
44.216667	51340
44.233333	51339
44.25	51340
44.266667	51340
44.283333	51340
44.3	51340
44.316667	51341
44.333333	51341
44.35	51341
44.366667	51341
44.383333	51342
44.4	51343
44.416667	51343
44.433333	51343
44.45	51344
44.466667	51344
44.483333	51344
44.5	51344
44.516667	51343
44.533333	51341
44.55	51341
44.566667	51342
44.583333	51342
44.6	51342
44.616667	51342
44.633333	51341
44.65	51343
44.666667	51342
44.683333	51343
44.7	51342
44.716667	51342
44.733333	51344
44.75	51344
44.766667	51344
44.783333	51345
44.8	51346
44.816667	51349
44.833333	51349
44.85	51349
44.866667	51349
44.883333	51348
44.9	51348
44.916667	51349
44.933333	51349
44.95	51350
44.966667	51350
44.983333	51350
45	51350
45.016667	51350
45.033333	51350
45.05	51351
45.066667	51349
45.083333	51349
45.1	51348
45.116667	51348
45.133333	51348
45.15	51349
45.166667	51348
45.183333	51347
45.2	51347
45.216667	51346
45.233333	51346
45.25	51346
45.266667	51347
45.283333	51346
45.3	51346
45.316667	51347
45.333333	51348
45.35	51348
45.366667	51348
45.383333	51349
45.4	51348
45.416667	51349
45.433333	51348
45.45	51348
45.466667	51348
45.483333	51348
45.5	51347
45.516667	51347
45.533333	51346
45.55	51345
45.566667	51346
45.583333	51345
45.6	51345
45.616667	51345
45.633333	51345
45.65	51344
45.666667	51344
45.683333	51344
45.7	51344
45.716667	51344
45.733333	51342
45.75	51341
45.766667	51340
45.783333	51341
45.8	51341
45.816667	51342
45.833333	51339
45.85	51340
45.866667	51338
45.883333	51338
45.9	51338
45.916667	51338
45.933333	51338
45.95	51338
45.966667	51338
45.983333	51336
46	51336
46.016667	51336
46.033333	51334
46.05	51335
46.066667	51335
46.083333	51335
46.1	51335
46.116667	51335
46.133333	51335
46.15	51335
46.166667	51336
46.183333	51336
46.2	51336
46.216667	51336
46.233333	51336
46.25	51336
46.266667	51338
46.283333	51340
46.3	51341
46.316667	51341
46.333333	51341
46.35	51341
46.366667	51342
46.383333	51341
46.4	51344
46.416667	51342
46.433333	51342
46.45	51341
46.466667	51343
46.483333	51341
46.5	51342
46.516667	51340
46.533333	51341
46.55	51340
46.566667	51341
46.583333	51341
46.6	51339
46.616667	51342
46.633333	51340
46.65	51339
46.666667	51338
46.683333	51339
46.7	51339
46.716667	51341
46.733333	51340
46.75	51340
46.766667	51339
46.783333	51339
46.8	51338
46.816667	51339
46.833333	51338
46.85	51339
46.866667	51337
46.883333	51337
46.9	51338
46.916667	51337
46.933333	51338
46.95	51338
46.966667	51339
46.983333	51339
47	51340
47.016667	51338
47.033333	51338
47.05	51339
47.066667	51340
47.083333	51339
47.1	51340
47.116667	51341
47.133333	51341
47.15	51341
47.166667	51341
47.183333	51341
47.2	51340
47.216667	51341
47.233333	51341
47.25	51342
47.266667	51342
47.283333	51340
47.3	51340
47.316667	51338
47.333333	51338
47.35	51338
47.366667	51337
47.383333	51337
47.4	51337
47.416667	51336
47.433333	51336
47.45	51334
47.466667	51333
47.483333	51334
47.5	51333
47.516667	51332
47.533333	51332
47.55	51331
47.566667	51330
47.583333	51329
47.6	51329
47.616667	51327
47.633333	51327
47.65	51326
47.666667	51326
47.683333	51325
47.7	51323
47.716667	51323
47.733333	51324
47.75	51323
47.766667	51323
47.783333	51322
47.8	51323
47.816667	51323
47.833333	51324
47.85	51324
47.866667	51325
47.883333	51327
47.9	51326
47.916667	51327
47.933333	51328
47.95	51330
47.966667	51331
47.983333	51331
48	51332
