-250	-250	8.000
-250	-240	8.000
-250	-230	8.000
-250	-220	8.000
-250	-210	8.000
-250	-200	8.000
-250	-190	8.000
-250	-180	8.000
-250	-170	8.000
-250	-160	8.000
-250	-150	8.000
-250	-140	8.000
-250	-130	8.000
-250	-120	8.000
-250	-110	8.000
-250	-100	8.000
-250	-90	8.000
-250	-80	8.000
-250	-70	8.000
-250	-60	8.000
-250	-50	8.000
-250	-40	8.000
-250	-30	8.000
-250	-20	8.000
-250	-10	8.000
-250	0	8.000
-250	10	8.000
-250	20	8.000
-250	30	8.000
-250	40	8.000
-250	50	8.000
-250	60	8.000
-250	70	8.000
-250	80	8.000
-250	90	8.000
-250	100	8.000
-250	110	8.000
-250	120	8.000
-250	130	8.000
-250	140	8.000
-250	150	8.000
-250	160	8.000
-250	170	8.000
-250	180	8.000
-250	190	8.000
-250	200	8.000
-250	210	8.000
-250	220	8.000
-250	230	8.000
-250	240	8.000
-250	250	8.000
-240	-250	8.038
-240	-240	8.039
-240	-230	8.039
-240	-220	8.039
-240	-210	8.039
-240	-200	8.038
-240	-190	8.038
-240	-180	8.038
-240	-170	8.037
-240	-160	8.037
-240	-150	8.036
-240	-140	8.036
-240	-130	8.035
-240	-120	8.034
-240	-110	8.033
-240	-100	8.032
-240	-90	8.031
-240	-80	8.030
-240	-70	8.028
-240	-60	8.027
-240	-50	8.025
-240	-40	8.024
-240	-30	8.022
-240	-20	8.020
-240	-10	8.018
-240	0	8.017
-240	10	8.015
-240	20	8.012
-240	30	8.010
-240	40	8.008
-240	50	8.006
-240	60	8.003
-240	70	8.001
-240	80	7.998
-240	90	7.995
-240	100	7.992
-240	110	7.989
-240	120	7.986
-240	130	7.983
-240	140	7.980
-240	150	7.977
-240	160	7.974
-240	170	7.970
-240	180	7.967
-240	190	7.963
-240	200	7.959
-240	210	7.956
-240	220	7.952
-240	230	7.948
-240	240	7.944
-240	250	7.939
-230	-250	8.053
-230	-240	8.054
-230	-230	8.054
-230	-220	8.054
-230	-210	8.054
-230	-200	8.054
-230	-190	8.054
-230	-180	8.054
-230	-170	8.053
-230	-160	8.053
-230	-150	8.052
-230	-140	8.051
-230	-130	8.050
-230	-120	8.049
-230	-110	8.047
-230	-100	8.046
-230	-90	8.044
-230	-80	8.042
-230	-70	8.040
-230	-60	8.038
-230	-50	8.036
-230	-40	8.033
-230	-30	8.031
-230	-20	8.028
-230	-10	8.025
-230	0	8.022
-230	10	8.019
-230	20	8.016
-230	30	8.012
-230	40	8.009
-230	50	8.005
-230	60	8.001
-230	70	7.997
-230	80	7.993
-230	90	7.989
-230	100	7.984
-230	110	7.980
-230	120	7.975
-230	130	7.970
-230	140	7.965
-230	150	7.960
-230	160	7.954
-230	170	7.949
-230	180	7.943
-230	190	7.938
-230	200	7.932
-230	210	7.926
-230	220	7.919
-230	230	7.913
-230	240	7.906
-230	250	7.900
-220	-250	8.049
-220	-240	8.050
-220	-230	8.051
-220	-220	8.051
-220	-210	8.052
-220	-200	8.052
-220	-190	8.052
-220	-180	8.052
-220	-170	8.052
-220	-160	8.051
-220	-150	8.051
-220	-140	8.050
-220	-130	8.049
-220	-120	8.048
-220	-110	8.046
-220	-100	8.045
-220	-90	8.043
-220	-80	8.041
-220	-70	8.039
-220	-60	8.037
-220	-50	8.034
-220	-40	8.032
-220	-30	8.029
-220	-20	8.026
-220	-10	8.023
-220	0	8.020
-220	10	8.016
-220	20	8.013
-220	30	8.009
-220	40	8.005
-220	50	8.001
-220	60	7.996
-220	70	7.992
-220	80	7.987
-220	90	7.982
-220	100	7.977
-220	110	7.972
-220	120	7.966
-220	130	7.961
-220	140	7.955
-220	150	7.949
-220	160	7.943
-220	170	7.937
-220	180	7.930
-220	190	7.923
-220	200	7.917
-220	210	7.910
-220	220	7.902
-220	230	7.895
-220	240	7.887
-220	250	7.880
-210	-250	8.030
-210	-240	8.031
-210	-230	8.032
-210	-220	8.034
-210	-210	8.035
-210	-200	8.035
-210	-190	8.036
-210	-180	8.036
-210	-170	8.036
-210	-160	8.036
-210	-150	8.036
-210	-140	8.036
-210	-130	8.035
-210	-120	8.035
-210	-110	8.034
-210	-100	8.033
-210	-90	8.031
-210	-80	8.030
-210	-70	8.028
-210	-60	8.026
-210	-50	8.024
-210	-40	8.022
-210	-30	8.020
-210	-20	8.017
-210	-10	8.014
-210	0	8.011
-210	10	8.008
-210	20	8.005
-210	30	8.002
-210	40	7.998
-210	50	7.994
-210	60	7.990
-210	70	7.986
-210	80	7.981
-210	90	7.977
-210	100	7.972
-210	110	7.967
-210	120	7.962
-210	130	7.956
-210	140	7.951
-210	150	7.945
-210	160	7.939
-210	170	7.933
-210	180	7.927
-210	190	7.921
-210	200	7.914
-210	210	7.907
-210	220	7.900
-210	230	7.893
-210	240	7.886
-210	250	7.878
-200	-250	8.000
-200	-240	8.002
-200	-230	8.004
-200	-220	8.006
-200	-210	8.007
-200	-200	8.009
-200	-190	8.010
-200	-180	8.011
-200	-170	8.012
-200	-160	8.012
-200	-150	8.013
-200	-140	8.013
-200	-130	8.013
-200	-120	8.013
-200	-110	8.013
-200	-100	8.013
-200	-90	8.012
-200	-80	8.012
-200	-70	8.011
-200	-60	8.010
-200	-50	8.009
-200	-40	8.007
-200	-30	8.006
-200	-20	8.004
-200	-10	8.002
-200	0	8.000
-200	10	7.998
-200	20	7.995
-200	30	7.993
-200	40	7.990
-200	50	7.987
-200	60	7.984
-200	70	7.981
-200	80	7.978
-200	90	7.974
-200	100	7.970
-200	110	7.966
-200	120	7.962
-200	130	7.958
-200	140	7.953
-200	150	7.949
-200	160	7.944
-200	170	7.939
-200	180	7.934
-200	190	7.929
-200	200	7.923
-200	210	7.918
-200	220	7.912
-200	230	7.906
-200	240	7.900
-200	250	7.894
-190	-250	7.964
-190	-240	7.967
-190	-230	7.969
-190	-220	7.972
-190	-210	7.974
-190	-200	7.976
-190	-190	7.978
-190	-180	7.980
-190	-170	7.981
-190	-160	7.983
-190	-150	7.984
-190	-140	7.985
-190	-130	7.986
-190	-120	7.987
-190	-110	7.988
-190	-100	7.989
-190	-90	7.989
-190	-80	7.990
-190	-70	7.990
-190	-60	7.990
-190	-50	7.990
-190	-40	7.990
-190	-30	7.990
-190	-20	7.989
-190	-10	7.989
-190	0	7.988
-190	10	7.987
-190	20	7.986
-190	30	7.985
-190	40	7.984
-190	50	7.982
-190	60	7.981
-190	70	7.979
-190	80	7.977
-190	90	7.975
-190	100	7.973
-190	110	7.971
-190	120	7.968
-190	130	7.966
-190	140	7.963
-190	150	7.961
-190	160	7.958
-190	170	7.955
-190	180	7.951
-190	190	7.948
-190	200	7.945
-190	210	7.941
-190	220	7.937
-190	230	7.933
-190	240	7.929
-190	250	7.925
-180	-250	7.927
-180	-240	7.930
-180	-230	7.933
-180	-220	7.936
-180	-210	7.939
-180	-200	7.942
-180	-190	7.944
-180	-180	7.947
-180	-170	7.949
-180	-160	7.952
-180	-150	7.954
-180	-140	7.956
-180	-130	7.958
-180	-120	7.960
-180	-110	7.962
-180	-100	7.964
-180	-90	7.966
-180	-80	7.968
-180	-70	7.969
-180	-60	7.971
-180	-50	7.972
-180	-40	7.973
-180	-30	7.974
-180	-20	7.976
-180	-10	7.977
-180	0	7.978
-180	10	7.978
-180	20	7.979
-180	30	7.980
-180	40	7.980
-180	50	7.981
-180	60	7.981
-180	70	7.982
-180	80	7.982
-180	90	7.982
-180	100	7.982
-180	110	7.982
-180	120	7.982
-180	130	7.981
-180	140	7.981
-180	150	7.981
-180	160	7.980
-180	170	7.980
-180	180	7.979
-180	190	7.978
-180	200	7.977
-180	210	7.976
-180	220	7.975
-180	230	7.974
-180	240	7.973
-180	250	7.972
-170	-250	7.893
-170	-240	7.896
-170	-230	7.900
-170	-220	7.903
-170	-210	7.906
-170	-200	7.910
-170	-190	7.913
-170	-180	7.917
-170	-170	7.920
-170	-160	7.923
-170	-150	7.926
-170	-140	7.930
-170	-130	7.933
-170	-120	7.936
-170	-110	7.939
-170	-100	7.942
-170	-90	7.945
-170	-80	7.948
-170	-70	7.951
-170	-60	7.954
-170	-50	7.957
-170	-40	7.960
-170	-30	7.963
-170	-20	7.966
-170	-10	7.969
-170	0	7.972
-170	10	7.974
-170	20	7.977
-170	30	7.980
-170	40	7.982
-170	50	7.985
-170	60	7.988
-170	70	7.990
-170	80	7.993
-170	90	7.995
-170	100	7.998
-170	110	8.000
-170	120	8.003
-170	130	8.005
-170	140	8.008
-170	150	8.010
-170	160	8.012
-170	170	8.015
-170	180	8.017
-170	190	8.019
-170	200	8.021
-170	210	8.023
-170	220	8.026
-170	230	8.028
-170	240	8.030
-170	250	8.032
-160	-250	7.865
-160	-240	7.869
-160	-230	7.873
-160	-220	7.877
-160	-210	7.881
-160	-200	7.885
-160	-190	7.889
-160	-180	7.893
-160	-170	7.897
-160	-160	7.901
-160	-150	7.905
-160	-140	7.909
-160	-130	7.914
-160	-120	7.918
-160	-110	7.922
-160	-100	7.927
-160	-90	7.931
-160	-80	7.936
-160	-70	7.940
-160	-60	7.945
-160	-50	7.949
-160	-40	7.954
-160	-30	7.958
-160	-20	7.963
-160	-10	7.968
-160	0	7.973
-160	10	7.977
-160	20	7.982
-160	30	7.987
-160	40	7.992
-160	50	7.997
-160	60	8.002
-160	70	8.007
-160	80	8.012
-160	90	8.017
-160	100	8.022
-160	110	8.028
-160	120	8.033
-160	130	8.038
-160	140	8.043
-160	150	8.049
-160	160	8.054
-160	170	8.060
-160	180	8.065
-160	190	8.071
-160	200	8.076
-160	210	8.082
-160	220	8.087
-160	230	8.093
-160	240	8.099
-160	250	8.104
-150	-250	7.850
-150	-240	7.854
-150	-230	7.858
-150	-220	7.862
-150	-210	7.866
-150	-200	7.871
-150	-190	7.875
-150	-180	7.880
-150	-170	7.884
-150	-160	7.889
-150	-150	7.894
-150	-140	7.899
-150	-130	7.905
-150	-120	7.910
-150	-110	7.916
-150	-100	7.921
-150	-90	7.927
-150	-80	7.933
-150	-70	7.938
-150	-60	7.945
-150	-50	7.951
-150	-40	7.957
-150	-30	7.963
-150	-20	7.970
-150	-10	7.976
-150	0	7.983
-150	10	7.990
-150	20	7.997
-150	30	8.004
-150	40	8.011
-150	50	8.018
-150	60	8.026
-150	70	8.033
-150	80	8.041
-150	90	8.049
-150	100	8.057
-150	110	8.065
-150	120	8.073
-150	130	8.081
-150	140	8.089
-150	150	8.098
-150	160	8.106
-150	170	8.115
-150	180	8.124
-150	190	8.133
-150	200	8.142
-150	210	8.151
-150	220	8.160
-150	230	8.169
-150	240	8.179
-150	250	8.188
-140	-250	7.850
-140	-240	7.855
-140	-230	7.860
-140	-220	7.866
-140	-210	7.871
-140	-200	7.877
-140	-190	7.883
-140	-180	7.889
-140	-170	7.895
-140	-160	7.901
-140	-150	7.908
-140	-140	7.914
-140	-130	7.921
-140	-120	7.928
-140	-110	7.935
-140	-100	7.942
-140	-90	7.949
-140	-80	7.957
-140	-70	7.964
-140	-60	7.972
-140	-50	7.980
-140	-40	7.988
-140	-30	7.996
-140	-20	8.004
-140	-10	8.013
-140	0	8.021
-140	10	8.030
-140	20	8.039
-140	30	8.048
-140	40	8.057
-140	50	8.066
-140	60	8.076
-140	70	8.085
-140	80	8.095
-140	90	8.105
-140	100	8.115
-140	110	8.125
-140	120	8.135
-140	130	8.146
-140	140	8.156
-140	150	8.167
-140	160	8.178
-140	170	8.189
-140	180	8.200
-140	190	8.212
-140	200	8.223
-140	210	8.235
-140	220	8.246
-140	230	8.258
-140	240	8.270
-140	250	8.282
-130	-250	7.871
-130	-240	7.882
-130	-230	7.894
-130	-220	7.905
-130	-210	7.916
-130	-200	7.928
-130	-190	7.939
-130	-180	7.950
-130	-170	7.961
-130	-160	7.973
-130	-150	7.984
-130	-140	7.995
-130	-130	8.006
-130	-120	8.017
-130	-110	8.028
-130	-100	8.038
-130	-90	8.049
-130	-80	8.060
-130	-70	8.071
-130	-60	8.081
-130	-50	8.092
-130	-40	8.102
-130	-30	8.113
-130	-20	8.123
-130	-10	8.134
-130	0	8.144
-130	10	8.154
-130	20	8.164
-130	30	8.175
-130	40	8.185
-130	50	8.195
-130	60	8.205
-130	70	8.215
-130	80	8.225
-130	90	8.235
-130	100	8.244
-130	110	8.254
-130	120	8.264
-130	130	8.273
-130	140	8.283
-130	150	8.293
-130	160	8.302
-130	170	8.312
-130	180	8.321
-130	190	8.330
-130	200	8.340
-130	210	8.349
-130	220	8.358
-130	230	8.367
-130	240	8.376
-130	250	8.385
-120	-250	7.916
-120	-240	7.934
-120	-230	7.953
-120	-220	7.970
-120	-210	7.988
-120	-200	8.005
-120	-190	8.022
-120	-180	8.039
-120	-170	8.055
-120	-160	8.072
-120	-150	8.087
-120	-140	8.103
-120	-130	8.118
-120	-120	8.133
-120	-110	8.148
-120	-100	8.163
-120	-90	8.177
-120	-80	8.191
-120	-70	8.205
-120	-60	8.218
-120	-50	8.231
-120	-40	8.244
-120	-30	8.257
-120	-20	8.269
-120	-10	8.281
-120	0	8.293
-120	10	8.304
-120	20	8.315
-120	30	8.326
-120	40	8.337
-120	50	8.347
-120	60	8.357
-120	70	8.367
-120	80	8.377
-120	90	8.386
-120	100	8.395
-120	110	8.404
-120	120	8.412
-120	130	8.420
-120	140	8.428
-120	150	8.436
-120	160	8.443
-120	170	8.450
-120	180	8.457
-120	190	8.463
-120	200	8.469
-120	210	8.475
-120	220	8.481
-120	230	8.486
-120	240	8.491
-120	250	8.496
-110	-250	7.991
-110	-240	8.016
-110	-230	8.041
-110	-220	8.065
-110	-210	8.088
-110	-200	8.111
-110	-190	8.134
-110	-180	8.156
-110	-170	8.178
-110	-160	8.199
-110	-150	8.219
-110	-140	8.239
-110	-130	8.259
-110	-120	8.277
-110	-110	8.296
-110	-100	8.314
-110	-90	8.331
-110	-80	8.348
-110	-70	8.364
-110	-60	8.380
-110	-50	8.396
-110	-40	8.410
-110	-30	8.425
-110	-20	8.438
-110	-10	8.452
-110	0	8.464
-110	10	8.477
-110	20	8.488
-110	30	8.499
-110	40	8.510
-110	50	8.520
-110	60	8.530
-110	70	8.539
-110	80	8.547
-110	90	8.555
-110	100	8.563
-110	110	8.570
-110	120	8.576
-110	130	8.582
-110	140	8.588
-110	150	8.593
-110	160	8.597
-110	170	8.601
-110	180	8.604
-110	190	8.607
-110	200	8.610
-110	210	8.612
-110	220	8.613
-110	230	8.614
-110	240	8.614
-110	250	8.614
-100	-250	8.244
-100	-240	8.267
-100	-230	8.289
-100	-220	8.311
-100	-210	8.332
-100	-200	8.353
-100	-190	8.373
-100	-180	8.393
-100	-170	8.412
-100	-160	8.431
-100	-150	8.449
-100	-140	8.466
-100	-130	8.483
-100	-120	8.500
-100	-110	8.516
-100	-100	8.531
-100	-90	8.546
-100	-80	8.560
-100	-70	8.574
-100	-60	8.587
-100	-50	8.600
-100	-40	8.612
-100	-30	8.624
-100	-20	8.635
-100	-10	8.646
-100	0	8.656
-100	10	8.665
-100	20	8.675
-100	30	8.683
-100	40	8.691
-100	50	8.699
-100	60	8.705
-100	70	8.712
-100	80	8.718
-100	90	8.723
-100	100	8.728
-100	110	8.732
-100	120	8.736
-100	130	8.739
-100	140	8.742
-100	150	8.744
-100	160	8.746
-100	170	8.747
-100	180	8.747
-100	190	8.747
-100	200	8.747
-100	210	8.746
-100	220	8.744
-100	230	8.742
-100	240	8.740
-100	250	8.736
-90	-250	8.549
-90	-240	8.567
-90	-230	8.586
-90	-220	8.603
-90	-210	8.620
-90	-200	8.637
-90	-190	8.653
-90	-180	8.669
-90	-170	8.684
-90	-160	8.699
-90	-150	8.713
-90	-140	8.727
-90	-130	8.740
-90	-120	8.752
-90	-110	8.764
-90	-100	8.776
-90	-90	8.787
-90	-80	8.798
-90	-70	8.808
-90	-60	8.817
-90	-50	8.827
-90	-40	8.835
-90	-30	8.843
-90	-20	8.851
-90	-10	8.858
-90	0	8.864
-90	10	8.870
-90	20	8.876
-90	30	8.881
-90	40	8.886
-90	50	8.890
-90	60	8.893
-90	70	8.896
-90	80	8.899
-90	90	8.901
-90	100	8.902
-90	110	8.903
-90	120	8.903
-90	130	8.903
-90	140	8.903
-90	150	8.902
-90	160	8.900
-90	170	8.898
-90	180	8.896
-90	190	8.892
-90	200	8.889
-90	210	8.885
-90	220	8.880
-90	230	8.875
-90	240	8.869
-90	250	8.863
-80	-250	8.883
-80	-240	8.897
-80	-230	8.910
-80	-220	8.923
-80	-210	8.936
-80	-200	8.947
-80	-190	8.959
-80	-180	8.970
-80	-170	8.980
-80	-160	8.991
-80	-150	9.000
-80	-140	9.009
-80	-130	9.018
-80	-120	9.026
-80	-110	9.034
-80	-100	9.041
-80	-90	9.048
-80	-80	9.054
-80	-70	9.060
-80	-60	9.065
-80	-50	9.070
-80	-40	9.074
-80	-30	9.078
-80	-20	9.081
-80	-10	9.084
-80	0	9.087
-80	10	9.089
-80	20	9.090
-80	30	9.091
-80	40	9.092
-80	50	9.092
-80	60	9.091
-80	70	9.091
-80	80	9.089
-80	90	9.087
-80	100	9.085
-80	110	9.082
-80	120	9.079
-80	130	9.075
-80	140	9.071
-80	150	9.066
-80	160	9.061
-80	170	9.056
-80	180	9.049
-80	190	9.043
-80	200	9.036
-80	210	9.028
-80	220	9.020
-80	230	9.012
-80	240	9.003
-80	250	8.993
-70	-250	9.242
-70	-240	9.250
-70	-230	9.258
-70	-220	9.266
-70	-210	9.273
-70	-200	9.279
-70	-190	9.285
-70	-180	9.291
-70	-170	9.296
-70	-160	9.301
-70	-150	9.306
-70	-140	9.310
-70	-130	9.313
-70	-120	9.316
-70	-110	9.319
-70	-100	9.321
-70	-90	9.323
-70	-80	9.325
-70	-70	9.325
-70	-60	9.326
-70	-50	9.326
-70	-40	9.326
-70	-30	9.325
-70	-20	9.324
-70	-10	9.322
-70	0	9.320
-70	10	9.317
-70	20	9.314
-70	30	9.311
-70	40	9.307
-70	50	9.303
-70	60	9.298
-70	70	9.293
-70	80	9.287
-70	90	9.281
-70	100	9.275
-70	110	9.268
-70	120	9.260
-70	130	9.253
-70	140	9.244
-70	150	9.236
-70	160	9.227
-70	170	9.217
-70	180	9.207
-70	190	9.197
-70	200	9.186
-70	210	9.175
-70	220	9.163
-70	230	9.151
-70	240	9.138
-70	250	9.125
-60	-250	9.620
-60	-240	9.622
-60	-230	9.624
-60	-220	9.626
-60	-210	9.627
-60	-200	9.628
-60	-190	9.628
-60	-180	9.628
-60	-170	9.628
-60	-160	9.627
-60	-150	9.626
-60	-140	9.624
-60	-130	9.622
-60	-120	9.620
-60	-110	9.617
-60	-100	9.614
-60	-90	9.610
-60	-80	9.606
-60	-70	9.602
-60	-60	9.597
-60	-50	9.592
-60	-40	9.587
-60	-30	9.581
-60	-20	9.574
-60	-10	9.568
-60	0	9.561
-60	10	9.553
-60	20	9.546
-60	30	9.537
-60	40	9.529
-60	50	9.520
-60	60	9.510
-60	70	9.500
-60	80	9.490
-60	90	9.480
-60	100	9.469
-60	110	9.457
-60	120	9.446
-60	130	9.434
-60	140	9.421
-60	150	9.408
-60	160	9.395
-60	170	9.381
-60	180	9.367
-60	190	9.353
-60	200	9.338
-60	210	9.323
-60	220	9.307
-60	230	9.291
-60	240	9.274
-60	250	9.258
-50	-250	10.012
-50	-240	10.008
-50	-230	10.004
-50	-220	9.999
-50	-210	9.994
-50	-200	9.988
-50	-190	9.982
-50	-180	9.976
-50	-170	9.969
-50	-160	9.963
-50	-150	9.955
-50	-140	9.948
-50	-130	9.940
-50	-120	9.932
-50	-110	9.923
-50	-100	9.914
-50	-90	9.905
-50	-80	9.895
-50	-70	9.885
-50	-60	9.875
-50	-50	9.865
-50	-40	9.854
-50	-30	9.842
-50	-20	9.831
-50	-10	9.819
-50	0	9.806
-50	10	9.794
-50	20	9.781
-50	30	9.768
-50	40	9.754
-50	50	9.740
-50	60	9.726
-50	70	9.711
-50	80	9.696
-50	90	9.681
-50	100	9.665
-50	110	9.649
-50	120	9.633
-50	130	9.616
-50	140	9.599
-50	150	9.582
-50	160	9.564
-50	170	9.546
-50	180	9.528
-50	190	9.509
-50	200	9.490
-50	210	9.470
-50	220	9.451
-50	230	9.431
-50	240	9.410
-50	250	9.390
-40	-250	10.413
-40	-240	10.402
-40	-230	10.391
-40	-220	10.379
-40	-210	10.368
-40	-200	10.355
-40	-190	10.343
-40	-180	10.330
-40	-170	10.317
-40	-160	10.304
-40	-150	10.290
-40	-140	10.277
-40	-130	10.263
-40	-120	10.248
-40	-110	10.234
-40	-100	10.219
-40	-90	10.203
-40	-80	10.188
-40	-70	10.172
-40	-60	10.156
-40	-50	10.140
-40	-40	10.123
-40	-30	10.106
-40	-20	10.089
-40	-10	10.072
-40	0	10.054
-40	10	10.036
-40	20	10.018
-40	30	9.999
-40	40	9.980
-40	50	9.961
-40	60	9.942
-40	70	9.922
-40	80	9.902
-40	90	9.882
-40	100	9.861
-40	110	9.840
-40	120	9.819
-40	130	9.798
-40	140	9.776
-40	150	9.754
-40	160	9.732
-40	170	9.710
-40	180	9.687
-40	190	9.664
-40	200	9.641
-40	210	9.617
-40	220	9.593
-40	230	9.569
-40	240	9.545
-40	250	9.520
-30	-250	10.818
-30	-240	10.800
-30	-230	10.781
-30	-220	10.763
-30	-210	10.744
-30	-200	10.725
-30	-190	10.706
-30	-180	10.686
-30	-170	10.667
-30	-160	10.647
-30	-150	10.627
-30	-140	10.607
-30	-130	10.586
-30	-120	10.565
-30	-110	10.544
-30	-100	10.523
-30	-90	10.502
-30	-80	10.480
-30	-70	10.459
-30	-60	10.437
-30	-50	10.414
-30	-40	10.392
-30	-30	10.369
-30	-20	10.346
-30	-10	10.323
-30	0	10.300
-30	10	10.276
-30	20	10.253
-30	30	10.229
-30	40	10.205
-30	50	10.180
-30	60	10.156
-30	70	10.131
-30	80	10.106
-30	90	10.080
-30	100	10.055
-30	110	10.029
-30	120	10.003
-30	130	9.977
-30	140	9.951
-30	150	9.924
-30	160	9.898
-30	170	9.871
-30	180	9.844
-30	190	9.816
-30	200	9.789
-30	210	9.761
-30	220	9.733
-30	230	9.704
-30	240	9.676
-30	250	9.647
-20	-250	11.221
-20	-240	11.195
-20	-230	11.170
-20	-220	11.144
-20	-210	11.118
-20	-200	11.092
-20	-190	11.066
-20	-180	11.040
-20	-170	11.013
-20	-160	10.987
-20	-150	10.960
-20	-140	10.933
-20	-130	10.906
-20	-120	10.879
-20	-110	10.852
-20	-100	10.824
-20	-90	10.797
-20	-80	10.769
-20	-70	10.741
-20	-60	10.713
-20	-50	10.685
-20	-40	10.657
-20	-30	10.628
-20	-20	10.599
-20	-10	10.571
-20	0	10.542
-20	10	10.513
-20	20	10.483
-20	30	10.454
-20	40	10.424
-20	50	10.395
-20	60	10.365
-20	70	10.335
-20	80	10.305
-20	90	10.275
-20	100	10.244
-20	110	10.214
-20	120	10.183
-20	130	10.152
-20	140	10.121
-20	150	10.090
-20	160	10.059
-20	170	10.027
-20	180	9.996
-20	190	9.964
-20	200	9.932
-20	210	9.900
-20	220	9.868
-20	230	9.836
-20	240	9.803
-20	250	9.770
-10	-250	11.617
-10	-240	11.584
-10	-230	11.551
-10	-220	11.518
-10	-210	11.485
-10	-200	11.452
-10	-190	11.419
-10	-180	11.386
-10	-170	11.353
-10	-160	11.319
-10	-150	11.286
-10	-140	11.253
-10	-130	11.219
-10	-120	11.185
-10	-110	11.152
-10	-100	11.118
-10	-90	11.084
-10	-80	11.050
-10	-70	11.016
-10	-60	10.982
-10	-50	10.948
-10	-40	10.914
-10	-30	10.879
-10	-20	10.845
-10	-10	10.811
-10	0	10.776
-10	10	10.741
-10	20	10.707
-10	30	10.672
-10	40	10.637
-10	50	10.602
-10	60	10.567
-10	70	10.532
-10	80	10.497
-10	90	10.462
-10	100	10.427
-10	110	10.391
-10	120	10.356
-10	130	10.320
-10	140	10.285
-10	150	10.249
-10	160	10.213
-10	170	10.178
-10	180	10.142
-10	190	10.106
-10	200	10.070
-10	210	10.034
-10	220	9.997
-10	230	9.961
-10	240	9.925
-10	250	9.888
0	-250	12.000
0	-240	11.960
0	-230	11.920
0	-220	11.880
0	-210	11.840
0	-200	11.800
0	-190	11.760
0	-180	11.720
0	-170	11.680
0	-160	11.640
0	-150	11.600
0	-140	11.560
0	-130	11.520
0	-120	11.480
0	-110	11.440
0	-100	11.400
0	-90	11.360
0	-80	11.320
0	-70	11.280
0	-60	11.240
0	-50	11.200
0	-40	11.160
0	-30	11.120
0	-20	11.080
0	-10	11.040
0	0	11.000
0	10	10.960
0	20	10.920
0	30	10.880
0	40	10.840
0	50	10.800
0	60	10.760
0	70	10.720
0	80	10.680
0	90	10.640
0	100	10.600
0	110	10.560
0	120	10.520
0	130	10.480
0	140	10.440
0	150	10.400
0	160	10.360
0	170	10.320
0	180	10.280
0	190	10.240
0	200	10.200
0	210	10.160
0	220	10.120
0	230	10.080
0	240	10.040
0	250	10.000
10	-250	12.264
10	-240	12.217
10	-230	12.171
10	-220	12.124
10	-210	12.078
10	-200	12.032
10	-190	11.986
10	-180	11.940
10	-170	11.894
10	-160	11.848
10	-150	11.802
10	-140	11.757
10	-130	11.711
10	-120	11.666
10	-110	11.621
10	-100	11.575
10	-90	11.530
10	-80	11.485
10	-70	11.441
10	-60	11.396
10	-50	11.351
10	-40	11.307
10	-30	11.262
10	-20	11.218
10	-10	11.174
10	0	11.130
10	10	11.086
10	20	11.042
10	30	10.999
10	40	10.955
10	50	10.911
10	60	10.868
10	70	10.825
10	80	10.782
10	90	10.739
10	100	10.696
10	110	10.653
10	120	10.610
10	130	10.567
10	140	10.525
10	150	10.482
10	160	10.440
10	170	10.398
10	180	10.356
10	190	10.314
10	200	10.272
10	210	10.230
10	220	10.189
10	230	10.147
10	240	10.106
10	250	10.064
20	-250	12.513
20	-240	12.460
20	-230	12.407
20	-220	12.354
20	-210	12.302
20	-200	12.250
20	-190	12.198
20	-180	12.146
20	-170	12.095
20	-160	12.043
20	-150	11.992
20	-140	11.941
20	-130	11.891
20	-120	11.840
20	-110	11.790
20	-100	11.740
20	-90	11.690
20	-80	11.641
20	-70	11.591
20	-60	11.542
20	-50	11.493
20	-40	11.445
20	-30	11.396
20	-20	11.348
20	-10	11.300
20	0	11.252
20	10	11.204
20	20	11.157
20	30	11.110
20	40	11.063
20	50	11.016
20	60	10.969
20	70	10.923
20	80	10.877
20	90	10.831
20	100	10.785
20	110	10.740
20	120	10.694
20	130	10.649
20	140	10.604
20	150	10.560
20	160	10.515
20	170	10.471
20	180	10.427
20	190	10.383
20	200	10.340
20	210	10.296
20	220	10.253
20	230	10.210
20	240	10.168
20	250	10.125
30	-250	12.746
30	-240	12.687
30	-230	12.629
30	-220	12.570
30	-210	12.512
30	-200	12.455
30	-190	12.397
30	-180	12.340
30	-170	12.283
30	-160	12.227
30	-150	12.171
30	-140	12.115
30	-130	12.060
30	-120	12.004
30	-110	11.949
30	-100	11.895
30	-90	11.841
30	-80	11.787
30	-70	11.733
30	-60	11.680
30	-50	11.627
30	-40	11.574
30	-30	11.522
30	-20	11.470
30	-10	11.418
30	0	11.366
30	10	11.315
30	20	11.265
30	30	11.214
30	40	11.164
30	50	11.114
30	60	11.064
30	70	11.015
30	80	10.966
30	90	10.918
30	100	10.869
30	110	10.821
30	120	10.774
30	130	10.726
30	140	10.679
30	150	10.632
30	160	10.586
30	170	10.540
30	180	10.494
30	190	10.449
30	200	10.403
30	210	10.359
30	220	10.314
30	230	10.270
30	240	10.226
30	250	10.182
40	-250	12.965
40	-240	12.901
40	-230	12.837
40	-220	12.773
40	-210	12.710
40	-200	12.647
40	-190	12.584
40	-180	12.522
40	-170	12.461
40	-160	12.399
40	-150	12.338
40	-140	12.278
40	-130	12.218
40	-120	12.158
40	-110	12.099
40	-100	12.040
40	-90	11.982
40	-80	11.924
40	-70	11.866
40	-60	11.809
40	-50	11.752
40	-40	11.696
40	-30	11.640
40	-20	11.584
40	-10	11.529
40	0	11.474
40	10	11.420
40	20	11.366
40	30	11.312
40	40	11.259
40	50	11.206
40	60	11.154
40	70	11.102
40	80	11.050
40	90	10.999
40	100	10.948
40	110	10.898
40	120	10.848
40	130	10.799
40	140	10.749
40	150	10.701
40	160	10.652
40	170	10.604
40	180	10.557
40	190	10.510
40	200	10.463
40	210	10.417
40	220	10.371
40	230	10.326
40	240	10.280
40	250	10.236
50	-250	13.170
50	-240	13.101
50	-230	13.031
50	-220	12.963
50	-210	12.894
50	-200	12.827
50	-190	12.759
50	-180	12.693
50	-170	12.626
50	-160	12.561
50	-150	12.495
50	-140	12.431
50	-130	12.366
50	-120	12.302
50	-110	12.239
50	-100	12.176
50	-90	12.114
50	-80	12.052
50	-70	11.991
50	-60	11.930
50	-50	11.870
50	-40	11.810
50	-30	11.750
50	-20	11.691
50	-10	11.633
50	0	11.575
50	10	11.518
50	20	11.461
50	30	11.404
50	40	11.348
50	50	11.293
50	60	11.238
50	70	11.183
50	80	11.129
50	90	11.076
50	100	11.023
50	110	10.970
50	120	10.918
50	130	10.867
50	140	10.816
50	150	10.765
50	160	10.715
50	170	10.665
50	180	10.616
50	190	10.568
50	200	10.520
50	210	10.472
50	220	10.425
50	230	10.378
50	240	10.332
50	250	10.286
60	-250	13.362
60	-240	13.287
60	-230	13.213
60	-220	13.140
60	-210	13.067
60	-200	12.995
60	-190	12.923
60	-180	12.852
60	-170	12.782
60	-160	12.712
60	-150	12.642
60	-140	12.574
60	-130	12.505
60	-120	12.438
60	-110	12.371
60	-100	12.304
60	-90	12.238
60	-80	12.173
60	-70	12.108
60	-60	12.044
60	-50	11.980
60	-40	11.917
60	-30	11.854
60	-20	11.792
60	-10	11.731
60	0	11.670
60	10	11.610
60	20	11.550
60	30	11.491
60	40	11.432
60	50	11.374
60	60	11.317
60	70	11.260
60	80	11.204
60	90	11.148
60	100	11.093
60	110	11.038
60	120	10.984
60	130	10.931
60	140	10.878
60	150	10.826
60	160	10.774
60	170	10.723
60	180	10.672
60	190	10.622
60	200	10.573
60	210	10.524
60	220	10.475
60	230	10.428
60	240	10.381
60	250	10.334
70	-250	13.540
70	-240	13.461
70	-230	13.383
70	-220	13.305
70	-210	13.228
70	-200	13.152
70	-190	13.076
70	-180	13.001
70	-170	12.927
70	-160	12.853
70	-150	12.780
70	-140	12.707
70	-130	12.635
70	-120	12.564
70	-110	12.494
70	-100	12.424
70	-90	12.354
70	-80	12.286
70	-70	12.218
70	-60	12.150
70	-50	12.084
70	-40	12.017
70	-30	11.952
70	-20	11.887
70	-10	11.823
70	0	11.759
70	10	11.697
70	20	11.634
70	30	11.573
70	40	11.512
70	50	11.451
70	60	11.392
70	70	11.333
70	80	11.274
70	90	11.216
70	100	11.159
70	110	11.103
70	120	11.047
70	130	10.992
70	140	10.937
70	150	10.883
70	160	10.830
70	170	10.777
70	180	10.725
70	190	10.674
70	200	10.623
70	210	10.573
70	220	10.523
70	230	10.475
70	240	10.426
70	250	10.379
80	-250	13.706
80	-240	13.623
80	-230	13.540
80	-220	13.459
80	-210	13.378
80	-200	13.298
80	-190	13.219
80	-180	13.140
80	-170	13.062
80	-160	12.985
80	-150	12.908
80	-140	12.832
80	-130	12.757
80	-120	12.683
80	-110	12.609
80	-100	12.536
80	-90	12.464
80	-80	12.392
80	-70	12.321
80	-60	12.251
80	-50	12.181
80	-40	12.112
80	-30	12.044
80	-20	11.977
80	-10	11.910
80	0	11.844
80	10	11.779
80	20	11.714
80	30	11.650
80	40	11.587
80	50	11.524
80	60	11.463
80	70	11.401
80	80	11.341
80	90	11.281
80	100	11.222
80	110	11.164
80	120	11.106
80	130	11.049
80	140	10.993
80	150	10.938
80	160	10.883
80	170	10.829
80	180	10.775
80	190	10.723
80	200	10.671
80	210	10.619
80	220	10.569
80	230	10.519
80	240	10.470
80	250	10.421
90	-250	13.859
90	-240	13.772
90	-230	13.687
90	-220	13.602
90	-210	13.517
90	-200	13.434
90	-190	13.351
90	-180	13.269
90	-170	13.188
90	-160	13.108
90	-150	13.028
90	-140	12.949
90	-130	12.871
90	-120	12.794
90	-110	12.717
90	-100	12.641
90	-90	12.566
90	-80	12.492
90	-70	12.418
90	-60	12.345
90	-50	12.273
90	-40	12.202
90	-30	12.131
90	-20	12.061
90	-10	11.992
90	0	11.924
90	10	11.856
90	20	11.790
90	30	11.724
90	40	11.658
90	50	11.594
90	60	11.530
90	70	11.467
90	80	11.405
90	90	11.343
90	100	11.282
90	110	11.222
90	120	11.163
90	130	11.105
90	140	11.047
90	150	10.990
90	160	10.934
90	170	10.878
90	180	10.823
90	190	10.770
90	200	10.716
90	210	10.664
90	220	10.612
90	230	10.561
90	240	10.511
90	250	10.462
100	-250	14.000
100	-240	13.910
100	-230	13.822
100	-220	13.734
100	-210	13.646
100	-200	13.560
100	-190	13.474
100	-180	13.390
100	-170	13.306
100	-160	13.222
100	-150	13.140
100	-140	13.058
100	-130	12.978
100	-120	12.898
100	-110	12.818
100	-100	12.740
100	-90	12.662
100	-80	12.586
100	-70	12.510
100	-60	12.434
100	-50	12.360
100	-40	12.286
100	-30	12.214
100	-20	12.142
100	-10	12.070
100	0	12.000
100	10	11.930
100	20	11.862
100	30	11.794
100	40	11.726
100	50	11.660
100	60	11.594
100	70	11.530
100	80	11.466
100	90	11.402
100	100	11.340
100	110	11.278
100	120	11.218
100	130	11.158
100	140	11.098
100	150	11.040
100	160	10.982
100	170	10.926
100	180	10.870
100	190	10.814
100	200	10.760
100	210	10.706
100	220	10.654
100	230	10.602
100	240	10.550
100	250	10.500
110	-250	14.130
110	-240	14.038
110	-230	13.946
110	-220	13.855
110	-210	13.766
110	-200	13.677
110	-190	13.589
110	-180	13.501
110	-170	13.415
110	-160	13.329
110	-150	13.244
110	-140	13.160
110	-130	13.077
110	-120	12.995
110	-110	12.914
110	-100	12.833
110	-90	12.753
110	-80	12.674
110	-70	12.596
110	-60	12.519
110	-50	12.442
110	-40	12.367
110	-30	12.292
110	-20	12.218
110	-10	12.145
110	0	12.073
110	10	12.001
110	20	11.930
110	30	11.861
110	40	11.792
110	50	11.724
110	60	11.656
110	70	11.590
110	80	11.524
110	90	11.460
110	100	11.396
110	110	11.332
110	120	11.270
110	130	11.209
110	140	11.148
110	150	11.088
110	160	11.029
110	170	10.971
110	180	10.914
110	190	10.858
110	200	10.802
110	210	10.747
110	220	10.693
110	230	10.640
110	240	10.588
110	250	10.537
120	-250	14.249
120	-240	14.154
120	-230	14.061
120	-220	13.968
120	-210	13.876
120	-200	13.785
120	-190	13.694
120	-180	13.605
120	-170	13.516
120	-160	13.429
120	-150	13.342
120	-140	13.256
120	-130	13.171
120	-120	13.086
120	-110	13.003
120	-100	12.920
120	-90	12.839
120	-80	12.758
120	-70	12.678
120	-60	12.599
120	-50	12.520
120	-40	12.443
120	-30	12.367
120	-20	12.291
120	-10	12.216
120	0	12.142
120	10	12.069
120	20	11.997
120	30	11.925
120	40	11.855
120	50	11.785
120	60	11.716
120	70	11.648
120	80	11.581
120	90	11.515
120	100	11.450
120	110	11.385
120	120	11.321
120	130	11.258
120	140	11.197
120	150	11.135
120	160	11.075
120	170	11.016
120	180	10.957
120	190	10.900
120	200	10.843
120	210	10.787
120	220	10.732
120	230	10.678
120	240	10.624
120	250	10.572
130	-250	14.357
130	-240	14.261
130	-230	14.165
130	-220	14.071
130	-210	13.977
130	-200	13.884
130	-190	13.792
130	-180	13.701
130	-170	13.611
130	-160	13.521
130	-150	13.433
130	-140	13.345
130	-130	13.258
130	-120	13.172
130	-110	13.087
130	-100	13.003
130	-90	12.920
130	-80	12.837
130	-70	12.756
130	-60	12.675
130	-50	12.595
130	-40	12.516
130	-30	12.438
130	-20	12.361
130	-10	12.284
130	0	12.209
130	10	12.134
130	20	12.061
130	30	11.988
130	40	11.916
130	50	11.845
130	60	11.775
130	70	11.705
130	80	11.637
130	90	11.569
130	100	11.502
130	110	11.436
130	120	11.371
130	130	11.307
130	140	11.244
130	150	11.182
130	160	11.120
130	170	11.059
130	180	11.000
130	190	10.941
130	200	10.883
130	210	10.826
130	220	10.769
130	230	10.714
130	240	10.659
130	250	10.606
140	-250	14.456
140	-240	14.358
140	-230	14.261
140	-220	14.165
140	-210	14.070
140	-200	13.976
140	-190	13.882
140	-180	13.790
140	-170	13.698
140	-160	13.607
140	-150	13.518
140	-140	13.428
140	-130	13.340
140	-120	13.253
140	-110	13.167
140	-100	13.081
140	-90	12.997
140	-80	12.913
140	-70	12.830
140	-60	12.748
140	-50	12.667
140	-40	12.586
140	-30	12.507
140	-20	12.428
140	-10	12.351
140	0	12.274
140	10	12.198
140	20	12.123
140	30	12.049
140	40	11.976
140	50	11.903
140	60	11.832
140	70	11.761
140	80	11.691
140	90	11.622
140	100	11.554
140	110	11.487
140	120	11.421
140	130	11.355
140	140	11.291
140	150	11.227
140	160	11.164
140	170	11.102
140	180	11.041
140	190	10.981
140	200	10.922
140	210	10.863
140	220	10.806
140	230	10.749
140	240	10.693
140	250	10.638
150	-250	14.544
150	-240	14.446
150	-230	14.348
150	-220	14.251
150	-210	14.155
150	-200	14.060
150	-190	13.966
150	-180	13.872
150	-170	13.780
150	-160	13.688
150	-150	13.597
150	-140	13.507
150	-130	13.418
150	-120	13.329
150	-110	13.242
150	-100	13.155
150	-90	13.070
150	-80	12.985
150	-70	12.901
150	-60	12.818
150	-50	12.736
150	-40	12.654
150	-30	12.574
150	-20	12.494
150	-10	12.415
150	0	12.338
150	10	12.260
150	20	12.184
150	30	12.109
150	40	12.035
150	50	11.961
150	60	11.888
150	70	11.816
150	80	11.745
150	90	11.675
150	100	11.606
150	110	11.538
150	120	11.470
150	130	11.403
150	140	11.337
150	150	11.273
150	160	11.208
150	170	11.145
150	180	11.083
150	190	11.021
150	200	10.961
150	210	10.901
150	220	10.842
150	230	10.784
150	240	10.727
150	250	10.671
160	-250	14.624
160	-240	14.525
160	-230	14.427
160	-220	14.329
160	-210	14.233
160	-200	14.137
160	-190	14.042
160	-180	13.948
160	-170	13.855
160	-160	13.763
160	-150	13.671
160	-140	13.581
160	-130	13.491
160	-120	13.402
160	-110	13.314
160	-100	13.226
160	-90	13.140
160	-80	13.055
160	-70	12.970
160	-60	12.886
160	-50	12.803
160	-40	12.721
160	-30	12.639
160	-20	12.559
160	-10	12.479
160	0	12.400
160	10	12.322
160	20	12.245
160	30	12.169
160	40	12.093
160	50	12.018
160	60	11.945
160	70	11.872
160	80	11.799
160	90	11.728
160	100	11.658
160	110	11.588
160	120	11.519
160	130	11.451
160	140	11.384
160	150	11.318
160	160	11.253
160	170	11.188
160	180	11.124
160	190	11.062
160	200	11.000
160	210	10.938
160	220	10.878
160	230	10.819
160	240	10.760
160	250	10.702
170	-250	14.695
170	-240	14.596
170	-230	14.498
170	-220	14.400
170	-210	14.304
170	-200	14.208
170	-190	14.113
170	-180	14.019
170	-170	13.926
170	-160	13.833
170	-150	13.741
170	-140	13.650
170	-130	13.560
170	-120	13.471
170	-110	13.382
170	-100	13.295
170	-90	13.208
170	-80	13.122
170	-70	13.036
170	-60	12.952
170	-50	12.868
170	-40	12.785
170	-30	12.703
170	-20	12.622
170	-10	12.542
170	0	12.462
170	10	12.383
170	20	12.305
170	30	12.228
170	40	12.152
170	50	12.076
170	60	12.001
170	70	11.927
170	80	11.854
170	90	11.782
170	100	11.710
170	110	11.639
170	120	11.569
170	130	11.500
170	140	11.432
170	150	11.364
170	160	11.298
170	170	11.232
170	180	11.166
170	190	11.102
170	200	11.039
170	210	10.976
170	220	10.914
170	230	10.853
170	240	10.793
170	250	10.733
180	-250	14.757
180	-240	14.659
180	-230	14.561
180	-220	14.464
180	-210	14.368
180	-200	14.273
180	-190	14.178
180	-180	14.084
180	-170	13.991
180	-160	13.899
180	-150	13.807
180	-140	13.716
180	-130	13.626
180	-120	13.537
180	-110	13.448
180	-100	13.361
180	-90	13.274
180	-80	13.187
180	-70	13.102
180	-60	13.017
180	-50	12.933
180	-40	12.850
180	-30	12.767
180	-20	12.685
180	-10	12.604
180	0	12.524
180	10	12.445
180	20	12.366
180	30	12.288
180	40	12.211
180	50	12.134
180	60	12.059
180	70	11.984
180	80	11.909
180	90	11.836
180	100	11.763
180	110	11.691
180	120	11.620
180	130	11.550
180	140	11.480
180	150	11.411
180	160	11.343
180	170	11.276
180	180	11.209
180	190	11.143
180	200	11.078
180	210	11.014
180	220	10.951
180	230	10.888
180	240	10.826
180	250	10.764
190	-250	14.812
190	-240	14.715
190	-230	14.618
190	-220	14.522
190	-210	14.427
190	-200	14.332
190	-190	14.238
190	-180	14.145
190	-170	14.053
190	-160	13.961
190	-150	13.870
190	-140	13.779
190	-130	13.690
190	-120	13.601
190	-110	13.512
190	-100	13.425
190	-90	13.338
190	-80	13.251
190	-70	13.166
190	-60	13.081
190	-50	12.997
190	-40	12.913
190	-30	12.831
190	-20	12.749
190	-10	12.667
190	0	12.587
190	10	12.507
190	20	12.427
190	30	12.349
190	40	12.271
190	50	12.194
190	60	12.117
190	70	12.041
190	80	11.966
190	90	11.892
190	100	11.818
190	110	11.745
190	120	11.673
190	130	11.601
190	140	11.530
190	150	11.460
190	160	11.390
190	170	11.321
190	180	11.253
190	190	11.186
190	200	11.119
190	210	11.053
190	220	10.988
190	230	10.923
190	240	10.859
190	250	10.796
200	-250	14.859
200	-240	14.764
200	-230	14.668
200	-220	14.574
200	-210	14.480
200	-200	14.387
200	-190	14.294
200	-180	14.202
200	-170	14.110
200	-160	14.020
200	-150	13.929
200	-140	13.840
200	-130	13.751
200	-120	13.662
200	-110	13.575
200	-100	13.487
200	-90	13.401
200	-80	13.315
200	-70	13.230
200	-60	13.145
200	-50	13.061
200	-40	12.978
200	-30	12.895
200	-20	12.813
200	-10	12.731
200	0	12.650
200	10	12.570
200	20	12.490
200	30	12.411
200	40	12.332
200	50	12.255
200	60	12.177
200	70	12.101
200	80	12.025
200	90	11.949
200	100	11.875
200	110	11.800
200	120	11.727
200	130	11.654
200	140	11.582
200	150	11.510
200	160	11.439
200	170	11.369
200	180	11.299
200	190	11.230
200	200	11.161
200	210	11.093
200	220	11.026
200	230	10.959
200	240	10.893
200	250	10.827
210	-250	14.900
210	-240	14.806
210	-230	14.713
210	-220	14.620
210	-210	14.528
210	-200	14.436
210	-190	14.345
210	-180	14.255
210	-170	14.165
210	-160	14.075
210	-150	13.986
210	-140	13.898
210	-130	13.810
210	-120	13.723
210	-110	13.636
210	-100	13.549
210	-90	13.464
210	-80	13.378
210	-70	13.294
210	-60	13.209
210	-50	13.126
210	-40	13.043
210	-30	12.960
210	-20	12.878
210	-10	12.796
210	0	12.715
210	10	12.635
210	20	12.555
210	30	12.475
210	40	12.396
210	50	12.318
210	60	12.240
210	70	12.162
210	80	12.086
210	90	12.009
210	100	11.933
210	110	11.858
210	120	11.783
210	130	11.709
210	140	11.635
210	150	11.562
210	160	11.490
210	170	11.418
210	180	11.346
210	190	11.275
210	200	11.204
210	210	11.134
210	220	11.065
210	230	10.996
210	240	10.928
210	250	10.860
220	-250	14.933
220	-240	14.842
220	-230	14.752
220	-220	14.661
220	-210	14.572
220	-200	14.482
220	-190	14.393
220	-180	14.305
220	-170	14.216
220	-160	14.129
220	-150	14.041
220	-140	13.954
220	-130	13.868
220	-120	13.782
220	-110	13.696
220	-100	13.611
220	-90	13.526
220	-80	13.442
220	-70	13.358
220	-60	13.274
220	-50	13.191
220	-40	13.109
220	-30	13.026
220	-20	12.944
220	-10	12.863
220	0	12.782
220	10	12.701
220	20	12.621
220	30	12.541
220	40	12.462
220	50	12.383
220	60	12.305
220	70	12.227
220	80	12.149
220	90	12.072
220	100	11.995
220	110	11.918
220	120	11.843
220	130	11.767
220	140	11.692
220	150	11.617
220	160	11.543
220	170	11.469
220	180	11.395
220	190	11.322
220	200	11.250
220	210	11.178
220	220	11.106
220	230	11.034
220	240	10.963
220	250	10.893
230	-250	14.961
230	-240	14.873
230	-230	14.786
230	-220	14.698
230	-210	14.611
230	-200	14.524
230	-190	14.438
230	-180	14.352
230	-170	14.266
230	-160	14.180
230	-150	14.095
230	-140	14.010
230	-130	13.925
230	-120	13.841
230	-110	13.757
230	-100	13.673
230	-90	13.590
230	-80	13.506
230	-70	13.424
230	-60	13.341
230	-50	13.259
230	-40	13.177
230	-30	13.095
230	-20	13.014
230	-10	12.932
230	0	12.852
230	10	12.771
230	20	12.691
230	30	12.611
230	40	12.531
230	50	12.452
230	60	12.373
230	70	12.294
230	80	12.216
230	90	12.137
230	100	12.060
230	110	11.982
230	120	11.905
230	130	11.828
230	140	11.751
230	150	11.675
230	160	11.599
230	170	11.523
230	180	11.447
230	190	11.372
230	200	11.297
230	210	11.223
230	220	11.148
230	230	11.074
230	240	11.001
230	250	10.927
240	-250	14.983
240	-240	14.899
240	-230	14.815
240	-220	14.731
240	-210	14.647
240	-200	14.563
240	-190	14.480
240	-180	14.397
240	-170	14.314
240	-160	14.231
240	-150	14.148
240	-140	14.065
240	-130	13.982
240	-120	13.900
240	-110	13.818
240	-100	13.736
240	-90	13.654
240	-80	13.572
240	-70	13.491
240	-60	13.409
240	-50	13.328
240	-40	13.247
240	-30	13.166
240	-20	13.085
240	-10	13.005
240	0	12.924
240	10	12.844
240	20	12.764
240	30	12.684
240	40	12.604
240	50	12.524
240	60	12.444
240	70	12.365
240	80	12.286
240	90	12.207
240	100	12.128
240	110	12.049
240	120	11.970
240	130	11.892
240	140	11.814
240	150	11.736
240	160	11.658
240	170	11.580
240	180	11.502
240	190	11.425
240	200	11.347
240	210	11.270
240	220	11.193
240	230	11.116
240	240	11.039
240	250	10.963
250	-250	15.000
250	-240	14.920
250	-230	14.840
250	-220	14.760
250	-210	14.680
250	-200	14.600
250	-190	14.520
250	-180	14.440
250	-170	14.360
250	-160	14.280
250	-150	14.200
250	-140	14.120
250	-130	14.040
250	-120	13.960
250	-110	13.880
250	-100	13.800
250	-90	13.720
250	-80	13.640
250	-70	13.560
250	-60	13.480
250	-50	13.400
250	-40	13.320
250	-30	13.240
250	-20	13.160
250	-10	13.080
250	0	13.000
250	10	12.920
250	20	12.840
250	30	12.760
250	40	12.680
250	50	12.600
250	60	12.520
250	70	12.440
250	80	12.360
250	90	12.280
250	100	12.200
250	110	12.120
250	120	12.040
250	130	11.960
250	140	11.880
250	150	11.800
250	160	11.720
250	170	11.640
250	180	11.560
250	190	11.480
250	200	11.400
250	210	11.320
250	220	11.240
250	230	11.160
250	240	11.080
250	250	11.000
