X-Loc(m)	Y-Loc(m)	time(min)	Field Strength(nT)	Base Station(nT)
-250.0	-250.0	0.5	51346.6		51347.3
-240.0	-250.0	1.0	51347.6		51349.2
-230.0	-250.0	1.5	51348.6		51350.0
-220.0	-250.0	2.0	51348.8		51349.9
-210.0	-250.0	2.5	51345.2		51348.8
-200.0	-250.0	3.0	51346.7		51347.4
-190.0	-250.0	3.5	51345.9		51346.0
-180.0	-250.0	4.0	51345.7		51348.6
-170.0	-250.0	4.5	51346.5		51346.7
-160.0	-250.0	5.0	51346.9		51348.9
-150.0	-250.0	5.5	51347.7		51348.4
-140.0	-250.0	6.0	51347.2		51349.1
-130.0	-250.0	6.5	51347.9		51348.8
-120.0	-250.0	7.0	51349.6		51349.7
-110.0	-250.0	7.5	51349.2		51350.9
-100.0	-250.0	8.0	51350.1		51350.5
-90.0	-250.0	8.5	51352.2		51348.8
-80.0	-250.0	9.0	51368.8		51347.7
-70.0	-250.0	9.5	51362.4		51352.4
-60.0	-250.0	10.0	51347.7		51350.6
-50.0	-250.0	10.5	51344.2		51347.7
-40.0	-250.0	11.0	51346.4		51350.0
-30.0	-250.0	11.5	51347.0		51347.2
-20.0	-250.0	12.0	51346.8		51347.9
-10.0	-250.0	12.5	51349.0		51349.8
0.0	-250.0	13.0	51348.4		51348.8
10.0	-250.0	13.5	51348.1		51349.1
20.0	-250.0	14.0	51347.1		51347.6
30.0	-250.0	14.5	51347.6		51348.4
40.0	-250.0	15.0	51347.4		51348.9
50.0	-250.0	15.5	51349.4		51349.9
60.0	-250.0	16.0	51347.8		51349.2
70.0	-250.0	16.5	51349.1		51349.6
80.0	-250.0	17.0	51349.2		51349.2
90.0	-250.0	17.5	51346.6		51347.9
100.0	-250.0	18.0	51346.1		51347.6
110.0	-250.0	18.5	51349.9		51350.1
120.0	-250.0	19.0	51347.1		51347.1
130.0	-250.0	19.5	51349.6		51350.7
140.0	-250.0	20.0	51350.2		51352.6
150.0	-250.0	20.5	51350.2		51351.7
160.0	-250.0	21.0	51346.9		51348.5
170.0	-250.0	21.5	51350.7		51352.2
180.0	-250.0	22.0	51351.7		51351.4
190.0	-250.0	22.5	51350.4		51351.1
200.0	-250.0	23.0	51349.4		51350.4
210.0	-250.0	23.5	51349.5		51348.8
220.0	-250.0	24.0	51348.0		51348.1
230.0	-250.0	24.5	51348.0		51347.7
240.0	-250.0	25.0	51346.7		51348.8
250.0	-250.0	25.5	51349.6		51351.5
-250.0	-225.0	26.0	51343.1		51344.8
-240.0	-225.0	26.5	51346.6		51349.3
-230.0	-225.0	27.0	51344.4		51347.0
-220.0	-225.0	27.5	51344.7		51347.4
-210.0	-225.0	28.0	51345.9		51348.1
-200.0	-225.0	28.5	51347.6		51349.6
-190.0	-225.0	29.0	51348.4		51349.2
-180.0	-225.0	29.5	51348.1		51351.5
-170.0	-225.0	30.0	51348.9		51350.6
-160.0	-225.0	30.5	51348.6		51350.7
-150.0	-225.0	31.0	51348.7		51350.1
-140.0	-225.0	31.5	51349.4		51351.0
-130.0	-225.0	32.0	51349.3		51349.1
-120.0	-225.0	32.5	51348.6		51350.5
-110.0	-225.0	33.0	51349.5		51350.4
-100.0	-225.0	33.5	51351.0		51348.3
-90.0	-225.0	34.0	51368.8		51356.0
-80.0	-225.0	34.5	51370.9		51352.7
-70.0	-225.0	35.0	51348.9		51351.0
-60.0	-225.0	35.5	51349.6		51350.5
-50.0	-225.0	36.0	51348.9		51351.7
-40.0	-225.0	36.5	51348.5		51351.3
-30.0	-225.0	37.0	51348.6		51352.2
-20.0	-225.0	37.5	51348.4		51347.7
-10.0	-225.0	38.0	51346.9		51349.0
0.0	-225.0	38.5	51349.7		51350.3
10.0	-225.0	39.0	51347.0		51349.9
20.0	-225.0	39.5	51348.0		51351.3
30.0	-225.0	40.0	51348.7		51349.3
40.0	-225.0	40.5	51349.2		51351.3
50.0	-225.0	41.0	51349.6		51349.6
60.0	-225.0	41.5	51350.1		51351.8
70.0	-225.0	42.0	51349.3		51351.7
80.0	-225.0	42.5	51346.6		51347.7
90.0	-225.0	43.0	51350.8		51351.3
100.0	-225.0	43.5	51349.4		51352.8
110.0	-225.0	44.0	51349.8		51350.5
120.0	-225.0	44.5	51347.2		51350.0
130.0	-225.0	45.0	51350.3		51353.5
140.0	-225.0	45.5	51349.1		51348.2
150.0	-225.0	46.0	51349.8		51349.7
160.0	-225.0	46.5	51348.3		51350.5
170.0	-225.0	47.0	51349.2		51350.8
180.0	-225.0	47.5	51348.2		51347.8
190.0	-225.0	48.0	51346.9		51349.8
200.0	-225.0	48.5	51348.9		51349.5
210.0	-225.0	49.0	51349.9		51350.2
220.0	-225.0	49.5	51350.3		51349.6
230.0	-225.0	50.0	51348.8		51351.0
240.0	-225.0	50.5	51351.6		51350.5
250.0	-225.0	51.0	51347.9		51349.1
-250.0	-200.0	51.5	51347.7		51350.2
-240.0	-200.0	52.0	51347.0		51347.6
-230.0	-200.0	52.5	51347.0		51349.0
-220.0	-200.0	53.0	51347.7		51350.9
-210.0	-200.0	53.5	51349.9		51350.2
-200.0	-200.0	54.0	51350.4		51350.9
-190.0	-200.0	54.5	51346.6		51350.4
-180.0	-200.0	55.0	51348.4		51350.2
-170.0	-200.0	55.5	51347.5		51348.9
-160.0	-200.0	56.0	51348.0		51348.5
-150.0	-200.0	56.5	51350.6		51351.8
-140.0	-200.0	57.0	51349.2		51349.3
-130.0	-200.0	57.5	51347.3		51349.3
-120.0	-200.0	58.0	51346.0		51344.2
-110.0	-200.0	58.5	51348.2		51346.1
-100.0	-200.0	59.0	51353.7		51350.5
-90.0	-200.0	59.5	51366.6		51347.4
-80.0	-200.0	60.0	51346.9		51348.3
-70.0	-200.0	60.5	51346.0		51348.8
-60.0	-200.0	61.0	51346.6		51349.5
-50.0	-200.0	61.5	51347.3		51349.7
-40.0	-200.0	62.0	51348.5		51350.1
-30.0	-200.0	62.5	51347.8		51349.6
-20.0	-200.0	63.0	51347.7		51348.2
-10.0	-200.0	63.5	51347.0		51347.1
0.0	-200.0	64.0	51347.6		51348.2
10.0	-200.0	64.5	51345.8		51348.5
20.0	-200.0	65.0	51345.9		51347.6
30.0	-200.0	65.5	51348.7		51348.3
40.0	-200.0	66.0	51346.7		51347.5
50.0	-200.0	66.5	51345.7		51347.5
60.0	-200.0	67.0	51343.6		51345.7
70.0	-200.0	67.5	51345.0		51344.2
80.0	-200.0	68.0	51343.6		51344.2
90.0	-200.0	68.5	51342.3		51342.9
100.0	-200.0	69.0	51345.4		51346.5
110.0	-200.0	69.5	51343.2		51345.2
120.0	-200.0	70.0	51344.7		51343.3
130.0	-200.0	70.5	51346.8		51347.7
140.0	-200.0	71.0	51345.2		51345.4
150.0	-200.0	71.5	51345.6		51345.7
160.0	-200.0	72.0	51346.6		51345.8
170.0	-200.0	72.5	51346.4		51347.6
180.0	-200.0	73.0	51343.4		51343.9
190.0	-200.0	73.5	51344.9		51343.9
200.0	-200.0	74.0	51345.3		51342.8
210.0	-200.0	74.5	51344.0		51344.7
220.0	-200.0	75.0	51342.4		51342.3
230.0	-200.0	75.5	51342.9		51343.2
240.0	-200.0	76.0	51346.2		51346.8
250.0	-200.0	76.5	51345.4		51345.1
-250.0	-175.0	77.0	51341.6		51342.1
-240.0	-175.0	77.5	51343.7		51345.4
-230.0	-175.0	78.0	51345.2		51348.4
-220.0	-175.0	78.5	51344.8		51345.6
-210.0	-175.0	79.0	51342.1		51341.1
-200.0	-175.0	79.5	51344.0		51344.2
-190.0	-175.0	80.0	51341.8		51343.8
-180.0	-175.0	80.5	51342.0		51343.5
-170.0	-175.0	81.0	51340.7		51341.7
-160.0	-175.0	81.5	51341.0		51342.0
-150.0	-175.0	82.0	51341.3		51341.5
-140.0	-175.0	82.5	51344.1		51345.5
-130.0	-175.0	83.0	51345.3		51345.2
-120.0	-175.0	83.5	51344.0		51344.7
-110.0	-175.0	84.0	51346.1		51342.6
-100.0	-175.0	84.5	51362.9		51342.9
-90.0	-175.0	85.0	51356.6		51344.2
-80.0	-175.0	85.5	51341.6		51343.8
-70.0	-175.0	86.0	51340.0		51342.3
-60.0	-175.0	86.5	51339.4		51342.5
-50.0	-175.0	87.0	51340.5		51343.5
-40.0	-175.0	87.5	51342.3		51345.0
-30.0	-175.0	88.0	51340.8		51342.0
-20.0	-175.0	88.5	51339.5		51342.1
-10.0	-175.0	89.0	51338.9		51339.7
0.0	-175.0	89.5	51342.2		51342.7
10.0	-175.0	90.0	51340.1		51340.5
20.0	-175.0	90.5	51340.6		51343.4
30.0	-175.0	91.0	51337.9		51340.3
40.0	-175.0	91.5	51337.4		51339.1
50.0	-175.0	92.0	51338.7		51338.6
60.0	-175.0	92.5	51339.2		51340.8
70.0	-175.0	93.0	51341.1		51341.9
80.0	-175.0	93.5	51336.6		51337.8
90.0	-175.0	94.0	51341.2		51342.4
100.0	-175.0	94.5	51341.5		51342.5
110.0	-175.0	95.0	51340.5		51340.3
120.0	-175.0	95.5	51340.0		51341.1
130.0	-175.0	96.0	51338.5		51340.9
140.0	-175.0	96.5	51340.8		51341.4
150.0	-175.0	97.0	51339.3		51340.0
160.0	-175.0	97.5	51341.5		51341.7
170.0	-175.0	98.0	51339.3		51338.6
180.0	-175.0	98.5	51338.8		51340.9
190.0	-175.0	99.0	51335.2		51335.7
200.0	-175.0	99.5	51338.3		51338.7
210.0	-175.0	100.0	51339.7		51341.3
220.0	-175.0	100.5	51340.9		51338.2
230.0	-175.0	101.0	51339.5		51339.2
240.0	-175.0	101.5	51339.9		51339.5
250.0	-175.0	102.0	51339.1		51337.5
-250.0	-150.0	102.5	51338.7		51339.9
-240.0	-150.0	103.0	51334.1		51340.3
-230.0	-150.0	103.5	51338.1		51337.8
-220.0	-150.0	104.0	51337.4		51339.5
-210.0	-150.0	104.5	51334.3		51336.3
-200.0	-150.0	105.0	51335.5		51337.7
-190.0	-150.0	105.5	51336.3		51336.5
-180.0	-150.0	106.0	51336.1		51337.3
-170.0	-150.0	106.5	51337.0		51334.3
-160.0	-150.0	107.0	51336.5		51335.6
-150.0	-150.0	107.5	51335.8		51334.7
-140.0	-150.0	108.0	51337.7		51340.1
-130.0	-150.0	108.5	51337.5		51337.8
-120.0	-150.0	109.0	51337.1		51336.6
-110.0	-150.0	109.5	51352.4		51336.9
-100.0	-150.0	110.0	51352.2		51337.0
-90.0	-150.0	110.5	51334.5		51338.3
-80.0	-150.0	111.0	51332.9		51336.2
-70.0	-150.0	111.5	51333.5		51336.2
-60.0	-150.0	112.0	51338.1		51337.1
-50.0	-150.0	112.5	51337.8		51337.8
-40.0	-150.0	113.0	51334.5		51335.4
-30.0	-150.0	113.5	51332.2		51335.4
-20.0	-150.0	114.0	51334.6		51335.2
-10.0	-150.0	114.5	51336.2		51336.7
0.0	-150.0	115.0	51334.5		51336.3
10.0	-150.0	115.5	51334.5		51335.2
20.0	-150.0	116.0	51335.8		51336.1
30.0	-150.0	116.5	51335.6		51335.7
40.0	-150.0	117.0	51333.5		51333.1
50.0	-150.0	117.5	51333.0		51333.8
60.0	-150.0	118.0	51334.1		51333.8
70.0	-150.0	118.5	51334.2		51334.2
80.0	-150.0	119.0	51335.0		51333.9
90.0	-150.0	119.5	51334.7		51333.4
100.0	-150.0	120.0	51333.2		51334.0
110.0	-150.0	120.5	51334.8		51335.5
120.0	-150.0	121.0	51334.6		51334.1
130.0	-150.0	121.5	51332.2		51333.6
140.0	-150.0	122.0	51332.4		51331.4
150.0	-150.0	122.5	51333.7		51334.2
160.0	-150.0	123.0	51331.2		51333.4
170.0	-150.0	123.5	51333.5		51331.9
180.0	-150.0	124.0	51332.4		51332.8
190.0	-150.0	124.5	51334.2		51333.0
200.0	-150.0	125.0	51334.5		51334.0
210.0	-150.0	125.5	51334.0		51334.4
220.0	-150.0	126.0	51332.3		51333.3
230.0	-150.0	126.5	51331.4		51331.5
240.0	-150.0	127.0	51332.0		51331.8
250.0	-150.0	127.5	51331.7		51333.5
-250.0	-125.0	128.0	51332.7		51334.6
-240.0	-125.0	128.5	51333.6		51335.1
-230.0	-125.0	129.0	51329.6		51330.7
-220.0	-125.0	129.5	51331.0		51332.7
-210.0	-125.0	130.0	51331.6		51333.0
-200.0	-125.0	130.5	51332.1		51330.1
-190.0	-125.0	131.0	51330.9		51333.5
-180.0	-125.0	131.5	51329.6		51331.9
-170.0	-125.0	132.0	51330.7		51332.1
-160.0	-125.0	132.5	51329.8		51329.2
-150.0	-125.0	133.0	51329.4		51328.0
-140.0	-125.0	133.5	51330.7		51331.4
-130.0	-125.0	134.0	51333.6		51330.5
-120.0	-125.0	134.5	51336.6		51330.5
-110.0	-125.0	135.0	51349.4		51330.1
-100.0	-125.0	135.5	51330.0		51329.8
-90.0	-125.0	136.0	51330.3		51333.2
-80.0	-125.0	136.5	51327.7		51330.3
-70.0	-125.0	137.0	51328.6		51330.7
-60.0	-125.0	137.5	51327.8		51330.0
-50.0	-125.0	138.0	51329.2		51330.7
-40.0	-125.0	138.5	51328.5		51330.4
-30.0	-125.0	139.0	51328.9		51332.4
-20.0	-125.0	139.5	51328.9		51329.0
-10.0	-125.0	140.0	51326.0		51327.3
0.0	-125.0	140.5	51326.4		51326.7
10.0	-125.0	141.0	51328.1		51329.3
20.0	-125.0	141.5	51330.2		51331.6
30.0	-125.0	142.0	51328.0		51328.6
40.0	-125.0	142.5	51326.1		51326.6
50.0	-125.0	143.0	51327.7		51327.5
60.0	-125.0	143.5	51327.6		51327.6
70.0	-125.0	144.0	51328.6		51327.6
80.0	-125.0	144.5	51325.2		51328.0
90.0	-125.0	145.0	51331.3		51329.8
100.0	-125.0	145.5	51328.9		51327.9
110.0	-125.0	146.0	51328.1		51326.5
120.0	-125.0	146.5	51330.3		51330.0
130.0	-125.0	147.0	51325.5		51326.5
140.0	-125.0	147.5	51327.5		51327.0
150.0	-125.0	148.0	51326.0		51326.2
160.0	-125.0	148.5	51324.6		51325.1
170.0	-125.0	149.0	51325.4		51324.4
180.0	-125.0	149.5	51324.3		51325.1
190.0	-125.0	150.0	51324.7		51324.7
200.0	-125.0	150.5	51326.8		51327.3
210.0	-125.0	151.0	51324.7		51324.5
220.0	-125.0	151.5	51323.6		51324.9
230.0	-125.0	152.0	51323.0		51324.1
240.0	-125.0	152.5	51325.8		51326.2
250.0	-125.0	153.0	51324.7		51325.8
-250.0	-100.0	153.5	51325.7		51327.6
-240.0	-100.0	154.0	51324.4		51324.4
-230.0	-100.0	154.5	51324.7		51326.8
-220.0	-100.0	155.0	51324.3		51324.7
-210.0	-100.0	155.5	51323.0		51323.2
-200.0	-100.0	156.0	51323.9		51324.6
-190.0	-100.0	156.5	51323.4		51324.2
-180.0	-100.0	157.0	51325.0		51325.6
-170.0	-100.0	157.5	51326.3		51325.4
-160.0	-100.0	158.0	51327.1		51326.4
-150.0	-100.0	158.5	51324.8		51322.9
-140.0	-100.0	159.0	51328.1		51327.2
-130.0	-100.0	159.5	51331.0		51328.3
-120.0	-100.0	160.0	51347.3		51326.8
-110.0	-100.0	160.5	51337.7		51326.6
-100.0	-100.0	161.0	51322.7		51324.9
-90.0	-100.0	161.5	51323.7		51322.6
-80.0	-100.0	162.0	51326.3		51328.4
-70.0	-100.0	162.5	51324.6		51326.4
-60.0	-100.0	163.0	51325.1		51327.2
-50.0	-100.0	163.5	51326.2		51327.3
-40.0	-100.0	164.0	51327.9		51328.3
-30.0	-100.0	164.5	51328.1		51329.5
-20.0	-100.0	165.0	51325.8		51326.3
-10.0	-100.0	165.5	51325.1		51324.9
0.0	-100.0	166.0	51329.5		51328.8
10.0	-100.0	166.5	51328.7		51330.8
20.0	-100.0	167.0	51325.8		51327.2
30.0	-100.0	167.5	51327.8		51329.3
40.0	-100.0	168.0	51326.8		51328.9
50.0	-100.0	168.5	51327.3		51326.9
60.0	-100.0	169.0	51325.0		51325.0
70.0	-100.0	169.5	51325.4		51325.1
80.0	-100.0	170.0	51325.5		51325.8
90.0	-100.0	170.5	51326.5		51327.1
100.0	-100.0	171.0	51326.5		51324.6
110.0	-100.0	171.5	51325.4		51324.0
120.0	-100.0	172.0	51325.0		51324.7
130.0	-100.0	172.5	51326.9		51326.9
140.0	-100.0	173.0	51325.1		51325.1
150.0	-100.0	173.5	51325.7		51326.5
160.0	-100.0	174.0	51325.6		51327.2
170.0	-100.0	174.5	51324.5		51326.7
180.0	-100.0	175.0	51327.7		51328.3
190.0	-100.0	175.5	51326.7		51324.6
200.0	-100.0	176.0	51322.5		51324.9
210.0	-100.0	176.5	51325.0		51325.9
220.0	-100.0	177.0	51323.4		51322.9
230.0	-100.0	177.5	51322.0		51321.3
240.0	-100.0	178.0	51326.8		51327.5
250.0	-100.0	178.5	51327.1		51323.6
-250.0	-75.0	179.0	51325.1		51324.2
-240.0	-75.0	179.5	51323.7		51324.4
-230.0	-75.0	180.0	51322.5		51325.1
-220.0	-75.0	180.5	51324.3		51324.2
-210.0	-75.0	181.0	51321.6		51325.0
-200.0	-75.0	181.5	51322.4		51323.7
-190.0	-75.0	182.0	51322.6		51321.9
-180.0	-75.0	182.5	51323.9		51323.9
-170.0	-75.0	183.0	51321.7		51321.3
-160.0	-75.0	183.5	51322.5		51322.3
-150.0	-75.0	184.0	51322.7		51323.2
-140.0	-75.0	184.5	51324.1		51320.9
-130.0	-75.0	185.0	51337.1		51320.3
-120.0	-75.0	185.5	51338.8		51321.2
-110.0	-75.0	186.0	51321.6		51322.4
-100.0	-75.0	186.5	51321.3		51322.4
-90.0	-75.0	187.0	51320.5		51322.2
-80.0	-75.0	187.5	51322.3		51323.5
-70.0	-75.0	188.0	51321.5		51321.3
-60.0	-75.0	188.5	51321.0		51321.7
-50.0	-75.0	189.0	51322.2		51322.9
-40.0	-75.0	189.5	51322.3		51323.3
-30.0	-75.0	190.0	51322.0		51323.4
-20.0	-75.0	190.5	51322.4		51324.5
-10.0	-75.0	191.0	51320.5		51321.5
0.0	-75.0	191.5	51320.1		51321.0
10.0	-75.0	192.0	51324.7		51324.2
20.0	-75.0	192.5	51322.5		51325.7
30.0	-75.0	193.0	51322.0		51324.0
40.0	-75.0	193.5	51322.3		51322.1
50.0	-75.0	194.0	51323.6		51324.4
60.0	-75.0	194.5	51323.4		51323.3
70.0	-75.0	195.0	51323.5		51323.8
80.0	-75.0	195.5	51325.0		51323.9
90.0	-75.0	196.0	51324.6		51323.5
100.0	-75.0	196.5	51323.8		51324.1
110.0	-75.0	197.0	51326.3		51327.6
120.0	-75.0	197.5	51324.1		51324.5
130.0	-75.0	198.0	51324.7		51323.0
140.0	-75.0	198.5	51325.8		51326.6
150.0	-75.0	199.0	51326.1		51324.7
160.0	-75.0	199.5	51324.6		51324.4
170.0	-75.0	200.0	51326.1		51322.6
180.0	-75.0	200.5	51323.9		51324.8
190.0	-75.0	201.0	51324.9		51322.5
200.0	-75.0	201.5	51326.8		51323.9
210.0	-75.0	202.0	51328.1		51329.3
220.0	-75.0	202.5	51324.8		51325.9
230.0	-75.0	203.0	51323.3		51323.6
240.0	-75.0	203.5	51321.9		51324.6
250.0	-75.0	204.0	51326.1		51324.7
-250.0	-50.0	204.5	51322.5		51323.9
-240.0	-50.0	205.0	51321.8		51323.5
-230.0	-50.0	205.5	51323.3		51322.0
-220.0	-50.0	206.0	51323.1		51323.5
-210.0	-50.0	206.5	51323.4		51323.9
-200.0	-50.0	207.0	51323.6		51325.4
-190.0	-50.0	207.5	51322.1		51321.8
-180.0	-50.0	208.0	51323.2		51323.8
-170.0	-50.0	208.5	51322.8		51322.6
-160.0	-50.0	209.0	51323.2		51322.4
-150.0	-50.0	209.5	51326.6		51325.2
-140.0	-50.0	210.0	51330.4		51323.6
-130.0	-50.0	210.5	51344.9		51325.6
-120.0	-50.0	211.0	51322.5		51325.6
-110.0	-50.0	211.5	51324.4		51324.1
-100.0	-50.0	212.0	51320.9		51322.0
-90.0	-50.0	212.5	51321.8		51323.2
-80.0	-50.0	213.0	51322.6		51323.6
-70.0	-50.0	213.5	51323.0		51323.7
-60.0	-50.0	214.0	51324.5		51324.4
-50.0	-50.0	214.5	51323.0		51325.0
-40.0	-50.0	215.0	51321.2		51324.3
-30.0	-50.0	215.5	51322.5		51323.7
-20.0	-50.0	216.0	51322.1		51321.5
-10.0	-50.0	216.5	51321.5		51322.2
0.0	-50.0	217.0	51320.3		51322.7
10.0	-50.0	217.5	51320.8		51322.9
20.0	-50.0	218.0	51324.4		51324.7
30.0	-50.0	218.5	51322.1		51321.9
40.0	-50.0	219.0	51324.2		51324.4
50.0	-50.0	219.5	51323.8		51323.6
60.0	-50.0	220.0	51323.8		51323.3
70.0	-50.0	220.5	51323.4		51324.1
80.0	-50.0	221.0	51320.5		51321.2
90.0	-50.0	221.5	51324.2		51325.0
100.0	-50.0	222.0	51323.2		51326.2
110.0	-50.0	222.5	51323.5		51323.1
120.0	-50.0	223.0	51322.8		51322.7
130.0	-50.0	223.5	51323.9		51324.8
140.0	-50.0	224.0	51322.1		51321.6
150.0	-50.0	224.5	51324.7		51324.0
160.0	-50.0	225.0	51326.7		51324.6
170.0	-50.0	225.5	51322.6		51322.3
180.0	-50.0	226.0	51321.8		51323.3
190.0	-50.0	226.5	51321.5		51321.7
200.0	-50.0	227.0	51322.2		51322.4
210.0	-50.0	227.5	51321.3		51321.6
220.0	-50.0	228.0	51321.9		51322.0
230.0	-50.0	228.5	51324.1		51321.9
240.0	-50.0	229.0	51318.5		51320.5
250.0	-50.0	229.5	51324.4		51322.0
-250.0	-25.0	230.0	51321.3		51322.0
-240.0	-25.0	230.5	51320.4		51321.1
-230.0	-25.0	231.0	51323.1		51322.8
-220.0	-25.0	231.5	51321.6		51322.1
-210.0	-25.0	232.0	51321.4		51322.5
-200.0	-25.0	232.5	51320.5		51319.7
-190.0	-25.0	233.0	51322.0		51322.2
-180.0	-25.0	233.5	51321.9		51323.4
-170.0	-25.0	234.0	51322.9		51321.3
-160.0	-25.0	234.5	51323.6		51321.7
-150.0	-25.0	235.0	51325.1		51322.5
-140.0	-25.0	235.5	51343.9		51322.7
-130.0	-25.0	236.0	51335.8		51325.1
-120.0	-25.0	236.5	51320.9		51325.4
-110.0	-25.0	237.0	51321.2		51320.7
-100.0	-25.0	237.5	51322.5		51323.0
-90.0	-25.0	238.0	51321.8		51323.0
-80.0	-25.0	238.5	51324.2		51326.0
-70.0	-25.0	239.0	51320.8		51323.2
-60.0	-25.0	239.5	51321.8		51321.8
-50.0	-25.0	240.0	51321.6		51323.1
-40.0	-25.0	240.5	51322.6		51322.0
-30.0	-25.0	241.0	51321.6		51322.3
-20.0	-25.0	241.5	51321.3		51321.8
-10.0	-25.0	242.0	51322.4		51321.0
0.0	-25.0	242.5	51324.0		51324.7
10.0	-25.0	243.0	51321.1		51322.0
20.0	-25.0	243.5	51323.4		51323.8
30.0	-25.0	244.0	51322.7		51322.1
40.0	-25.0	244.5	51320.8		51322.2
50.0	-25.0	245.0	51322.6		51321.4
60.0	-25.0	245.5	51320.9		51323.2
70.0	-25.0	246.0	51323.0		51321.4
80.0	-25.0	246.5	51325.0		51323.7
90.0	-25.0	247.0	51322.8		51321.5
100.0	-25.0	247.5	51323.5		51321.2
110.0	-25.0	248.0	51326.9		51324.2
120.0	-25.0	248.5	51324.5		51324.2
130.0	-25.0	249.0	51322.0		51320.9
140.0	-25.0	249.5	51323.3		51322.3
150.0	-25.0	250.0	51322.8		51323.6
160.0	-25.0	250.5	51322.8		51322.3
170.0	-25.0	251.0	51322.9		51322.5
180.0	-25.0	251.5	51324.2		51322.6
190.0	-25.0	252.0	51321.5		51320.6
200.0	-25.0	252.5	51320.5		51319.7
210.0	-25.0	253.0	51325.4		51322.5
220.0	-25.0	253.5	51320.6		51320.3
230.0	-25.0	254.0	51321.7		51321.1
240.0	-25.0	254.5	51324.9		51323.8
250.0	-25.0	255.0	51315.8		51321.1
-250.0	0.0	255.5	51320.9		51321.2
-240.0	0.0	256.0	51317.3		51318.4
-230.0	0.0	256.5	51318.6		51319.1
-220.0	0.0	257.0	51322.0		51320.3
-210.0	0.0	257.5	51320.2		51321.1
-200.0	0.0	258.0	51320.4		51320.0
-190.0	0.0	258.5	51320.8		51320.7
-180.0	0.0	259.0	51322.4		51322.9
-170.0	0.0	259.5	51324.1		51320.7
-160.0	0.0	260.0	51323.7		51320.2
-150.0	0.0	260.5	51338.3		51321.5
-140.0	0.0	261.0	51337.6		51320.6
-130.0	0.0	261.5	51320.7		51322.5
-120.0	0.0	262.0	51317.7		51318.5
-110.0	0.0	262.5	51319.1		51319.8
-100.0	0.0	263.0	51319.6		51320.3
-90.0	0.0	263.5	51320.4		51320.0
-80.0	0.0	264.0	51323.4		51324.2
-70.0	0.0	264.5	51320.9		51322.0
-60.0	0.0	265.0	51319.2		51320.4
-50.0	0.0	265.5	51320.6		51323.2
-40.0	0.0	266.0	51319.0		51320.4
-30.0	0.0	266.5	51320.6		51320.8
-20.0	0.0	267.0	51320.6		51323.4
-10.0	0.0	267.5	51320.1		51319.2
0.0	0.0	268.0	51321.5		51323.1
10.0	0.0	268.5	51318.7		51318.9
20.0	0.0	269.0	51321.8		51321.9
30.0	0.0	269.5	51321.8		51320.2
40.0	0.0	270.0	51320.4		51320.6
50.0	0.0	270.5	51320.8		51322.4
60.0	0.0	271.0	51321.6		51322.6
70.0	0.0	271.5	51321.8		51319.4
80.0	0.0	272.0	51322.1		51322.6
90.0	0.0	272.5	51320.4		51318.0
100.0	0.0	273.0	51322.4		51322.4
110.0	0.0	273.5	51321.1		51320.8
120.0	0.0	274.0	51321.3		51321.3
130.0	0.0	274.5	51323.9		51323.7
140.0	0.0	275.0	51320.9		51322.3
150.0	0.0	275.5	51323.5		51320.9
160.0	0.0	276.0	51320.9		51320.6
170.0	0.0	276.5	51320.0		51320.1
180.0	0.0	277.0	51323.8		51321.9
190.0	0.0	277.5	51321.7		51322.4
200.0	0.0	278.0	51324.1		51322.1
210.0	0.0	278.5	51319.3		51322.9
220.0	0.0	279.0	51325.7		51320.5
230.0	0.0	279.5	51317.2		51319.4
240.0	0.0	280.0	51384.5		51322.2
250.0	0.0	280.5	51466.9		51321.1
-250.0	25.0	281.0	51320.1		51321.4
-240.0	25.0	281.5	51320.0		51320.1
-230.0	25.0	282.0	51321.5		51321.5
-220.0	25.0	282.5	51316.4		51317.3
-210.0	25.0	283.0	51318.9		51317.7
-200.0	25.0	283.5	51318.2		51321.7
-190.0	25.0	284.0	51320.8		51321.1
-180.0	25.0	284.5	51321.1		51321.5
-170.0	25.0	285.0	51322.2		51319.7
-160.0	25.0	285.5	51326.0		51320.5
-150.0	25.0	286.0	51339.0		51321.9
-140.0	25.0	286.5	51319.2		51317.4
-130.0	25.0	287.0	51317.4		51318.7
-120.0	25.0	287.5	51317.9		51318.9
-110.0	25.0	288.0	51320.9		51321.4
-100.0	25.0	288.5	51322.4		51325.2
-90.0	25.0	289.0	51319.8		51319.0
-80.0	25.0	289.5	51319.4		51319.9
-70.0	25.0	290.0	51316.5		51316.7
-60.0	25.0	290.5	51315.4		51315.2
-50.0	25.0	291.0	51317.4		51317.4
-40.0	25.0	291.5	51317.8		51320.2
-30.0	25.0	292.0	51317.3		51319.6
-20.0	25.0	292.5	51318.6		51318.4
-10.0	25.0	293.0	51314.3		51314.4
0.0	25.0	293.5	51315.3		51315.5
10.0	25.0	294.0	51318.9		51319.7
20.0	25.0	294.5	51314.1		51312.7
30.0	25.0	295.0	51314.4		51315.6
40.0	25.0	295.5	51316.6		51316.5
50.0	25.0	296.0	51314.3		51314.5
60.0	25.0	296.5	51314.2		51313.1
70.0	25.0	297.0	51315.7		51314.3
80.0	25.0	297.5	51315.4		51315.1
90.0	25.0	298.0	51314.4		51315.9
100.0	25.0	298.5	51315.9		51316.4
110.0	25.0	299.0	51315.6		51317.4
120.0	25.0	299.5	51316.3		51315.7
130.0	25.0	300.0	51315.6		51314.6
140.0	25.0	300.5	51318.3		51316.5
150.0	25.0	301.0	51315.9		51316.6
160.0	25.0	301.5	51315.4		51316.7
170.0	25.0	302.0	51314.4		51314.0
180.0	25.0	302.5	51314.6		51312.6
190.0	25.0	303.0	51315.4		51314.8
200.0	25.0	303.5	51317.9		51313.8
210.0	25.0	304.0	51319.3		51316.3
220.0	25.0	304.5	51355.0		51314.8
230.0	25.0	305.0	51538.2		51316.0
240.0	25.0	305.5	51334.2		51314.5
250.0	25.0	306.0	51312.5		51315.2
-250.0	50.0	306.5	51315.6		51316.6
-240.0	50.0	307.0	51314.3		51314.2
-230.0	50.0	307.5	51315.2		51316.8
-220.0	50.0	308.0	51313.8		51313.5
-210.0	50.0	308.5	51316.1		51314.8
-200.0	50.0	309.0	51314.6		51315.4
-190.0	50.0	309.5	51313.8		51313.3
-180.0	50.0	310.0	51312.7		51313.4
-170.0	50.0	310.5	51317.2		51312.9
-160.0	50.0	311.0	51336.0		51314.1
-150.0	50.0	311.5	51324.5		51313.9
-140.0	50.0	312.0	51309.6		51313.0
-130.0	50.0	312.5	51312.3		51312.9
-120.0	50.0	313.0	51312.7		51314.4
-110.0	50.0	313.5	51311.7		51313.4
-100.0	50.0	314.0	51310.8		51311.1
-90.0	50.0	314.5	51312.3		51314.9
-80.0	50.0	315.0	51310.0		51309.9
-70.0	50.0	315.5	51313.3		51314.5
-60.0	50.0	316.0	51311.5		51312.0
-50.0	50.0	316.5	51312.7		51311.4
-40.0	50.0	317.0	51314.2		51314.3
-30.0	50.0	317.5	51313.2		51314.5
-20.0	50.0	318.0	51310.8		51313.2
-10.0	50.0	318.5	51310.2		51308.4
0.0	50.0	319.0	51310.8		51312.0
10.0	50.0	319.5	51311.2		51311.3
20.0	50.0	320.0	51313.5		51312.8
30.0	50.0	320.5	51311.0		51310.3
40.0	50.0	321.0	51311.9		51312.0
50.0	50.0	321.5	51312.8		51311.1
60.0	50.0	322.0	51312.4		51312.0
70.0	50.0	322.5	51311.9		51312.7
80.0	50.0	323.0	51311.3		51312.6
90.0	50.0	323.5	51312.9		51310.2
100.0	50.0	324.0	51315.0		51315.7
110.0	50.0	324.5	51315.0		51313.4
120.0	50.0	325.0	51316.0		51313.2
130.0	50.0	325.5	51316.6		51316.2
140.0	50.0	326.0	51314.7		51314.7
150.0	50.0	326.5	51314.0		51312.4
160.0	50.0	327.0	51319.4		51321.1
170.0	50.0	327.5	51317.4		51316.8
180.0	50.0	328.0	51319.0		51318.7
190.0	50.0	328.5	51316.6		51316.2
200.0	50.0	329.0	51277.0		51318.5
210.0	50.0	329.5	51519.2		51319.3
220.0	50.0	330.0	51310.5		51318.2
230.0	50.0	330.5	51314.1		51321.9
240.0	50.0	331.0	51315.8		51319.9
250.0	50.0	331.5	51320.0		51320.3
-250.0	75.0	332.0	51319.4		51318.8
-240.0	75.0	332.5	51320.4		51318.7
-230.0	75.0	333.0	51320.0		51321.4
-220.0	75.0	333.5	51324.1		51324.4
-210.0	75.0	334.0	51324.7		51325.8
-200.0	75.0	334.5	51323.9		51321.9
-190.0	75.0	335.0	51326.2		51323.9
-180.0	75.0	335.5	51329.7		51325.2
-170.0	75.0	336.0	51344.8		51327.3
-160.0	75.0	336.5	51342.6		51326.9
-150.0	75.0	337.0	51323.0		51323.7
-140.0	75.0	337.5	51323.1		51326.5
-130.0	75.0	338.0	51323.8		51323.9
-120.0	75.0	338.5	51325.8		51326.4
-110.0	75.0	339.0	51327.4		51327.7
-100.0	75.0	339.5	51323.0		51323.3
-90.0	75.0	340.0	51323.8		51324.3
-80.0	75.0	340.5	51322.5		51324.1
-70.0	75.0	341.0	51326.2		51327.6
-60.0	75.0	341.5	51325.3		51325.6
-50.0	75.0	342.0	51325.6		51324.8
-40.0	75.0	342.5	51325.2		51326.6
-30.0	75.0	343.0	51326.8		51326.3
-20.0	75.0	343.5	51327.3		51328.8
-10.0	75.0	344.0	51327.6		51327.7
0.0	75.0	344.5	51328.5		51326.9
10.0	75.0	345.0	51326.8		51326.9
20.0	75.0	345.5	51330.0		51330.7
30.0	75.0	346.0	51329.5		51328.6
40.0	75.0	346.5	51327.9		51329.4
50.0	75.0	347.0	51329.9		51330.4
60.0	75.0	347.5	51330.0		51329.5
70.0	75.0	348.0	51328.9		51331.4
80.0	75.0	348.5	51331.2		51331.7
90.0	75.0	349.0	51332.2		51331.7
100.0	75.0	349.5	51333.6		51334.3
110.0	75.0	350.0	51336.8		51334.9
120.0	75.0	350.5	51334.0		51333.8
130.0	75.0	351.0	51335.2		51334.6
140.0	75.0	351.5	51334.6		51334.0
150.0	75.0	352.0	51335.7		51334.0
160.0	75.0	352.5	51338.8		51335.0
170.0	75.0	353.0	51338.2		51337.7
180.0	75.0	353.5	51326.7		51336.1
190.0	75.0	354.0	51101.0		51337.1
200.0	75.0	354.5	51339.7		51337.9
210.0	75.0	355.0	51349.6		51339.9
220.0	75.0	355.5	51334.8		51337.7
230.0	75.0	356.0	51342.5		51341.9
240.0	75.0	356.5	51340.9		51343.0
250.0	75.0	357.0	51341.2		51341.9
-250.0	100.0	357.5	51342.6		51343.5
-240.0	100.0	358.0	51341.7		51341.7
-230.0	100.0	358.5	51342.6		51342.5
-220.0	100.0	359.0	51338.9		51339.9
-210.0	100.0	359.5	51343.2		51341.1
-200.0	100.0	390.0	51322.7		51322.6
-190.0	100.0	390.5	51325.1		51321.9
-180.0	100.0	391.0	51331.8		51324.2
-170.0	100.0	391.5	51340.6		51322.9
-160.0	100.0	392.0	51322.9		51321.1
-150.0	100.0	392.5	51320.6		51322.7
-140.0	100.0	393.0	51320.7		51321.3
-130.0	100.0	393.5	51322.4		51324.2
-120.0	100.0	394.0	51322.4		51324.7
-110.0	100.0	394.5	51319.9		51321.2
-100.0	100.0	395.0	51321.5		51322.4
-90.0	100.0	395.5	51322.5		51322.0
-80.0	100.0	396.0	51323.3		51322.8
-70.0	100.0	396.5	51321.7		51323.1
-60.0	100.0	397.0	51323.8		51323.0
-50.0	100.0	397.5	51326.8		51325.5
-40.0	100.0	398.0	51326.2		51327.8
-30.0	100.0	398.5	51326.4		51325.1
-20.0	100.0	399.0	51326.9		51327.4
-10.0	100.0	399.5	51324.9		51324.6
0.0	100.0	400.0	51328.0		51328.9
10.0	100.0	400.5	51327.8		51328.8
20.0	100.0	401.0	51329.0		51329.7
30.0	100.0	401.5	51329.4		51328.4
40.0	100.0	402.0	51331.0		51329.4
50.0	100.0	402.5	51328.8		51328.3
60.0	100.0	403.0	51331.1		51332.4
70.0	100.0	403.5	51331.4		51329.5
80.0	100.0	404.0	51331.7		51332.4
90.0	100.0	404.5	51334.6		51332.8
100.0	100.0	405.0	51337.3		51335.3
110.0	100.0	405.5	51335.0		51336.0
120.0	100.0	406.0	51337.0		51335.4
130.0	100.0	406.5	51336.7		51337.5
140.0	100.0	407.0	51342.4		51337.6
150.0	100.0	407.5	51337.6		51338.4
160.0	100.0	408.0	51366.7		51340.8
170.0	100.0	408.5	51086.4		51339.4
180.0	100.0	409.0	51344.2		51340.4
190.0	100.0	409.5	51334.9		51337.4
200.0	100.0	410.0	51337.9		51340.0
210.0	100.0	410.5	51339.9		51341.3
220.0	100.0	411.0	51343.2		51341.0
230.0	100.0	411.5	51341.0		51337.9
240.0	100.0	412.0	51338.1		51339.6
250.0	100.0	412.5	51341.6		51340.3
-250.0	125.0	413.0	51341.2		51341.2
-240.0	125.0	413.5	51340.6		51339.2
-230.0	125.0	414.0	51342.3		51343.5
-220.0	125.0	414.5	51341.8		51343.0
-210.0	125.0	415.0	51342.1		51341.0
-200.0	125.0	415.5	51343.5		51342.8
-190.0	125.0	416.0	51347.6		51342.8
-180.0	125.0	416.5	51366.5		51344.6
-170.0	125.0	417.0	51355.2		51343.2
-160.0	125.0	417.5	51339.8		51339.6
-150.0	125.0	418.0	51341.8		51341.7
-140.0	125.0	418.5	51341.6		51343.6
-130.0	125.0	419.0	51342.5		51343.1
-120.0	125.0	419.5	51343.6		51346.1
-110.0	125.0	420.0	51343.2		51345.0
-100.0	125.0	420.5	51344.5		51344.6
-90.0	125.0	421.0	51341.5		51342.2
-80.0	125.0	421.5	51341.1		51340.8
-70.0	125.0	422.0	51343.1		51342.5
-60.0	125.0	422.5	51341.6		51342.7
-50.0	125.0	423.0	51343.2		51343.1
-40.0	125.0	423.5	51342.8		51341.9
-30.0	125.0	424.0	51344.5		51344.8
-20.0	125.0	424.5	51344.3		51343.9
-10.0	125.0	425.0	51340.4		51342.0
0.0	125.0	425.5	51340.3		51341.3
10.0	125.0	426.0	51345.7		51346.1
20.0	125.0	426.5	51344.7		51345.2
30.0	125.0	427.0	51341.9		51342.9
40.0	125.0	427.5	51344.6		51343.2
50.0	125.0	428.0	51346.8		51346.9
60.0	125.0	428.5	51343.8		51343.7
70.0	125.0	429.0	51348.0		51346.1
80.0	125.0	429.5	51350.3		51347.2
90.0	125.0	430.0	51348.1		51347.0
100.0	125.0	430.5	51350.1		51347.3
110.0	125.0	431.0	51347.0		51345.3
120.0	125.0	431.5	51349.8		51347.4
130.0	125.0	432.0	51352.7		51351.3
140.0	125.0	432.5	51348.9		51350.9
150.0	125.0	433.0	50302.7		51350.3
160.0	125.0	433.5	51365.4		51348.9
170.0	125.0	434.0	51352.7		51349.9
180.0	125.0	434.5	51351.8		51352.2
190.0	125.0	435.0	51349.1		51348.7
200.0	125.0	435.5	51348.0		51348.4
210.0	125.0	436.0	51353.1		51352.0
220.0	125.0	436.5	51351.2		51351.1
230.0	125.0	437.0	51352.9		51351.7
240.0	125.0	437.5	51354.1		51350.3
250.0	125.0	438.0	51354.9		51353.2
-250.0	150.0	438.5	51350.0		51350.5
-240.0	150.0	439.0	51350.7		51350.7
-230.0	150.0	439.5	51350.0		51349.4
-220.0	150.0	440.0	51349.0		51348.6
-210.0	150.0	440.5	51351.3		51349.8
-200.0	150.0	441.0	51353.9		51349.5
-190.0	150.0	441.5	51368.3		51350.1
-180.0	150.0	442.0	51369.1		51351.5
-170.0	150.0	442.5	51350.6		51350.9
-160.0	150.0	443.0	51347.7		51348.7
-150.0	150.0	443.5	51350.0		51350.7
-140.0	150.0	444.0	51350.3		51351.0
-130.0	150.0	444.5	51348.0		51349.4
-120.0	150.0	445.0	51351.6		51350.3
-110.0	150.0	445.5	51350.1		51349.5
-100.0	150.0	446.0	51350.4		51350.2
-90.0	150.0	446.5	51349.4		51350.8
-80.0	150.0	447.0	51350.1		51349.3
-70.0	150.0	447.5	51347.1		51348.0
-60.0	150.0	448.0	51351.5		51352.4
-50.0	150.0	448.5	51351.8		51351.9
-40.0	150.0	449.0	51351.4		51350.1
-30.0	150.0	449.5	51350.6		51351.6
-20.0	150.0	450.0	51348.6		51348.6
-10.0	150.0	450.5	51349.9		51350.0
0.0	150.0	451.0	51352.1		51350.4
10.0	150.0	451.5	51349.5		51350.4
20.0	150.0	452.0	51348.3		51346.7
30.0	150.0	452.5	51349.2		51350.1
40.0	150.0	453.0	51347.6		51348.5
50.0	150.0	453.5	51347.1		51345.0
60.0	150.0	454.0	51345.7		51347.1
70.0	150.0	454.5	51346.4		51346.6
80.0	150.0	455.0	51347.4		51347.6
90.0	150.0	455.5	51349.0		51348.5
100.0	150.0	456.0	51345.0		51346.4
110.0	150.0	456.5	51343.0		51346.2
120.0	150.0	457.0	51375.8		51344.7
130.0	150.0	457.5	51663.0		51346.9
140.0	150.0	458.0	51347.1		51341.8
150.0	150.0	458.5	51345.0		51344.3
160.0	150.0	459.0	51343.7		51344.4
170.0	150.0	459.5	51343.9		51346.2
180.0	150.0	460.0	51344.6		51343.8
190.0	150.0	460.5	51345.2		51341.7
200.0	150.0	461.0	51344.7		51343.0
210.0	150.0	461.5	51344.8		51342.1
220.0	150.0	462.0	51343.6		51340.7
230.0	150.0	462.5	51342.0		51342.3
240.0	150.0	463.0	51341.2		51340.2
250.0	150.0	463.5	51338.8		51338.9
-250.0	175.0	464.0	51341.5		51338.9
-240.0	175.0	464.5	51341.1		51341.2
-230.0	175.0	465.0	51339.9		51339.7
-220.0	175.0	465.5	51339.6		51341.7
-210.0	175.0	466.0	51343.2		51339.9
-200.0	175.0	466.5	51347.0		51339.1
-190.0	175.0	467.0	51358.8		51338.3
-180.0	175.0	467.5	51340.3		51340.2
-170.0	175.0	468.0	51338.7		51341.2
-160.0	175.0	468.5	51338.7		51338.8
-150.0	175.0	469.0	51337.8		51336.1
-140.0	175.0	469.5	51336.8		51339.0
-130.0	175.0	470.0	51337.8		51335.8
-120.0	175.0	470.5	51340.0		51339.1
-110.0	175.0	471.0	51337.0		51338.1
-100.0	175.0	471.5	51337.6		51338.0
-90.0	175.0	472.0	51338.0		51338.4
-80.0	175.0	472.5	51337.6		51338.6
-70.0	175.0	473.0	51337.9		51336.7
-60.0	175.0	473.5	51338.3		51339.6
-50.0	175.0	474.0	51338.3		51340.3
-40.0	175.0	474.5	51340.0		51337.8
-30.0	175.0	475.0	51337.1		51335.7
-20.0	175.0	475.5	51338.5		51338.5
-10.0	175.0	476.0	51337.0		51339.0
0.0	175.0	476.5	51338.3		51335.8
10.0	175.0	477.0	51336.7		51337.7
20.0	175.0	477.5	51337.5		51339.4
30.0	175.0	478.0	51335.5		51336.1
40.0	175.0	478.5	51339.2		51336.6
50.0	175.0	479.0	51338.9		51337.5
60.0	175.0	479.5	51339.0		51336.3
70.0	175.0	480.0	51335.8		51336.0
80.0	175.0	480.5	51333.2		51336.7
90.0	175.0	481.0	51338.9		51337.7
100.0	175.0	481.5	51321.4		51335.9
110.0	175.0	482.0	51306.2		51338.1
120.0	175.0	482.5	51395.8		51335.2
130.0	175.0	483.0	51341.9		51337.7
140.0	175.0	483.5	51337.2		51334.1
150.0	175.0	484.0	51340.5		51339.2
160.0	175.0	484.5	51338.5		51336.4
170.0	175.0	485.0	51338.4		51338.9
180.0	175.0	485.5	51339.6		51337.2
190.0	175.0	486.0	51341.4		51340.3
200.0	175.0	486.5	51343.0		51340.3
210.0	175.0	487.0	51339.5		51341.0
220.0	175.0	487.5	51341.6		51338.0
230.0	175.0	488.0	51342.2		51339.6
240.0	175.0	488.5	51344.3		51342.8
250.0	175.0	489.0	51338.8		51337.2
-250.0	200.0	489.5	51341.4		51340.5
-240.0	200.0	490.0	51340.4		51341.1
-230.0	200.0	490.5	51341.7		51340.3
-220.0	200.0	491.0	51343.4		51342.2
-210.0	200.0	491.5	51344.2		51339.7
-200.0	200.0	492.0	51360.4		51337.3
-190.0	200.0	492.5	51351.5		51341.0
-180.0	200.0	493.0	51340.7		51342.9
-170.0	200.0	493.5	51340.9		51340.6
-160.0	200.0	494.0	51340.2		51341.4
-150.0	200.0	494.5	51341.4		51344.1
-140.0	200.0	495.0	51341.2		51343.0
-130.0	200.0	495.5	51340.3		51341.8
-120.0	200.0	496.0	51342.3		51343.8
-110.0	200.0	496.5	51343.0		51343.7
-100.0	200.0	497.0	51341.3		51342.1
-90.0	200.0	497.5	51342.5		51340.5
-80.0	200.0	498.0	51341.4		51341.6
-70.0	200.0	498.5	51341.5		51339.0
-60.0	200.0	499.0	51340.4		51339.1
-50.0	200.0	499.5	51340.7		51340.3
-40.0	200.0	500.0	51339.3		51340.6
-30.0	200.0	500.5	51340.0		51338.4
-20.0	200.0	501.0	51340.5		51341.4
-10.0	200.0	501.5	51342.5		51341.4
0.0	200.0	502.0	51339.2		51339.3
10.0	200.0	502.5	51340.8		51339.9
20.0	200.0	503.0	51336.9		51336.5
30.0	200.0	503.5	51338.8		51335.5
40.0	200.0	504.0	51341.2		51340.0
50.0	200.0	504.5	51342.3		51343.3
60.0	200.0	505.0	51337.2		51338.6
70.0	200.0	505.5	51350.6		51337.9
80.0	200.0	506.0	51356.6		51338.1
90.0	200.0	506.5	51945.0		51338.7
100.0	200.0	507.0	51332.5		51340.6
110.0	200.0	507.5	51335.4		51340.6
120.0	200.0	508.0	51340.6		51338.5
130.0	200.0	508.5	51340.4		51339.3
140.0	200.0	509.0	51340.5		51339.1
150.0	200.0	509.5	51341.0		51338.1
160.0	200.0	510.0	51342.7		51339.9
170.0	200.0	510.5	51340.3		51340.5
180.0	200.0	511.0	51342.0		51340.5
190.0	200.0	511.5	51339.7		51340.5
200.0	200.0	512.0	51344.5		51341.4
210.0	200.0	512.5	51342.8		51339.0
220.0	200.0	513.0	51345.2		51343.3
230.0	200.0	513.5	51344.2		51343.1
240.0	200.0	514.0	51347.3		51346.8
250.0	200.0	514.5	51343.6		51342.4
-250.0	225.0	515.0	51344.0		51344.2
-240.0	225.0	515.5	51344.8		51342.5
-230.0	225.0	516.0	51345.4		51345.0
-220.0	225.0	516.5	51348.7		51344.7
-210.0	225.0	517.0	51362.3		51345.2
-200.0	225.0	517.5	51361.3		51342.7
-190.0	225.0	518.0	51343.5		51344.5
-180.0	225.0	518.5	51343.9		51343.8
-170.0	225.0	519.0	51342.1		51343.1
-160.0	225.0	519.5	51343.4		51345.8
-150.0	225.0	520.0	51345.1		51345.7
-140.0	225.0	520.5	51343.5		51344.6
-130.0	225.0	521.0	51345.6		51347.1
-120.0	225.0	521.5	51345.9		51346.6
-110.0	225.0	522.0	51345.9		51347.8
-100.0	225.0	522.5	51346.8		51346.9
-90.0	225.0	523.0	51347.9		51346.8
-80.0	225.0	523.5	51342.8		51345.0
-70.0	225.0	524.0	51345.7		51344.8
-60.0	225.0	524.5	51348.5		51345.2
-50.0	225.0	525.0	51346.4		51345.5
-40.0	225.0	525.5	51345.9		51345.9
-30.0	225.0	526.0	51345.7		51345.5
-20.0	225.0	526.5	51345.5		51342.1
-10.0	225.0	527.0	51344.9		51348.0
0.0	225.0	527.5	51346.1		51344.9
10.0	225.0	528.0	51346.3		51346.5
20.0	225.0	528.5	51345.7		51344.6
30.0	225.0	529.0	51347.1		51345.6
40.0	225.0	529.5	51345.1		51345.4
50.0	225.0	530.0	51352.3		51344.9
60.0	225.0	530.5	51365.0		51346.0
70.0	225.0	531.0	50823.6		51343.4
80.0	225.0	531.5	51336.5		51345.6
90.0	225.0	532.0	51350.9		51346.9
100.0	225.0	532.5	51348.2		51342.6
110.0	225.0	533.0	51341.3		51344.6
120.0	225.0	533.5	51343.4		51342.8
130.0	225.0	534.0	51345.7		51345.6
140.0	225.0	534.5	51345.2		51342.8
150.0	225.0	535.0	51344.8		51344.3
160.0	225.0	535.5	51341.3		51340.5
170.0	225.0	536.0	51343.4		51342.4
180.0	225.0	536.5	51343.6		51342.8
190.0	225.0	537.0	51344.4		51341.3
200.0	225.0	537.5	51342.9		51340.5
210.0	225.0	538.0	51344.3		51341.5
220.0	225.0	538.5	51344.9		51344.7
230.0	225.0	539.0	51344.2		51342.9
240.0	225.0	539.5	51345.1		51343.0
250.0	225.0	540.0	51343.0		51341.2
-250.0	250.0	540.5	51342.9		51343.8
-240.0	250.0	541.0	51342.6		51339.2
-230.0	250.0	541.5	51347.1		51343.2
-220.0	250.0	542.0	51351.2		51345.0
-210.0	250.0	542.5	51364.9		51343.3
-200.0	250.0	543.0	51343.0		51343.2
-190.0	250.0	543.5	51342.6		51343.1
-180.0	250.0	544.0	51343.7		51344.7
-170.0	250.0	544.5	51344.1		51343.8
-160.0	250.0	545.0	51343.3		51344.3
-150.0	250.0	545.5	51344.2		51345.5
-140.0	250.0	546.0	51345.4		51344.9
-130.0	250.0	546.5	51346.5		51345.7
-120.0	250.0	547.0	51343.5		51344.7
-110.0	250.0	547.5	51344.7		51344.5
-100.0	250.0	548.0	51344.8		51346.0
-90.0	250.0	548.5	51343.6		51344.9
-80.0	250.0	549.0	51346.4		51346.7
-70.0	250.0	549.5	51346.2		51342.7
-60.0	250.0	550.0	51346.6		51344.6
-50.0	250.0	550.5	51344.5		51344.7
-40.0	250.0	551.0	51350.0		51347.0
-30.0	250.0	551.5	51346.6		51346.5
-20.0	250.0	552.0	51351.8		51349.0
-10.0	250.0	552.5	51346.6		51348.2
0.0	250.0	553.0	51349.3		51348.4
10.0	250.0	553.5	51348.9		51348.6
20.0	250.0	554.0	51346.2		51348.3
30.0	250.0	554.5	51352.1		51349.0
40.0	250.0	555.0	51322.0		51349.4
50.0	250.0	555.5	51390.9		51346.6
60.0	250.0	556.0	51362.4		51350.4
70.0	250.0	556.5	51350.3		51350.1
80.0	250.0	557.0	51349.0		51348.6
90.0	250.0	557.5	51350.4		51350.8
100.0	250.0	558.0	51351.6		51350.2
110.0	250.0	558.5	51349.8		51347.3
120.0	250.0	559.0	51349.4		51350.2
130.0	250.0	559.5	51351.7		51349.5
140.0	250.0	560.0	51350.3		51347.9
150.0	250.0	560.5	51351.1		51350.8
160.0	250.0	561.0	51351.1		51349.2
170.0	250.0	561.5	51352.3		51351.2
180.0	250.0	562.0	51352.9		51350.2
190.0	250.0	562.5	51351.4		51348.5
200.0	250.0	563.0	51350.3		51350.2
210.0	250.0	563.5	51349.3		51350.0
220.0	250.0	564.0	51347.9		51347.2
230.0	250.0	564.5	51351.0		51349.4
240.0	250.0	565.0	51351.5		51349.9
250.0	250.0	565.5	51350.7		51347.2
