-250.0 -250.0 -2.2
-240.0 -250.0 -3
-230.0 -250.0 -2.1
-220.0 -250.0 -1.5
-210.0 -250.0 -1.5
-200.0 -250.0 -2.9
-190.0 -250.0 -0.7
-180.0 -250.0 -0.7
-170.0 -250.0 -1.4
-160.0 -250.0 -1.9
-150.0 -250.0 1.6
-140.0 -250.0 -0.5
-130.0 -250.0 2.5
-120.0 -250.0 1.6
-110.0 -250.0 6.8
-100.0 -250.0 10.6
-90.0 -250.0 25.3
-80.0 -250.0 42.3
-70.0 -250.0 31.4
-60.0 -250.0 7.7
-50.0 -250.0 -1.8
-40.0 -250.0 -5.1
-30.0 -250.0 -4.6
-20.0 -250.0 -6.2
-10.0 -250.0 -4.3
0.0 -250.0 -4.5
10.0 -250.0 -3.7
20.0 -250.0 -3.7
30.0 -250.0 -3
40.0 -250.0 -3.8
50.0 -250.0 -2.8
60.0 -250.0 -3
70.0 -250.0 -3.6
80.0 -250.0 -2.9
90.0 -250.0 -3.2
100.0 -250.0 -3.7
110.0 -250.0 -3.9
120.0 -250.0 -2.1
130.0 -250.0 -3.1
140.0 -250.0 -2.3
150.0 -250.0 -3.7
160.0 -250.0 -1.1
170.0 -250.0 -3.2
180.0 -250.0 -2.4
190.0 -250.0 -3
200.0 -250.0 -2.2
210.0 -250.0 -2.8
220.0 -250.0 -1.4
230.0 -250.0 -1.6
240.0 -250.0 -2.9
250.0 -250.0 -1
-250.0 -200.0 -4.8
-240.0 -200.0 -2.9
-230.0 -200.0 -2.7
-220.0 -200.0 -2.2
-210.0 -200.0 -1.5
-200.0 -200.0 -0.4
-190.0 -200.0 0.6
-180.0 -200.0 0.4
-170.0 -200.0 -1.1
-160.0 -200.0 0.4
-150.0 -200.0 3.6
-140.0 -200.0 3.1
-130.0 -200.0 5.9
-120.0 -200.0 7.4
-110.0 -200.0 14.9
-100.0 -200.0 30.6
-90.0 -200.0 43.4
-80.0 -200.0 21.9
-70.0 -200.0 3.5
-60.0 -200.0 -2
-50.0 -200.0 -1.7
-40.0 -200.0 -3.6
-30.0 -200.0 -2.8
-20.0 -200.0 -3.7
-10.0 -200.0 -3.4
0.0 -200.0 -2.5
10.0 -200.0 -2.3
20.0 -200.0 -2.2
30.0 -200.0 -1.9
40.0 -200.0 -2.8
50.0 -200.0 -2.5
60.0 -200.0 -2.7
70.0 -200.0 -2.6
80.0 -200.0 -1.9
90.0 -200.0 -2.2
100.0 -200.0 -4
110.0 -200.0 -2.2
120.0 -200.0 -1.1
130.0 -200.0 -1.6
140.0 -200.0 -1.1
150.0 -200.0 -1.9
160.0 -200.0 -1.7
170.0 -200.0 -1.4
180.0 -200.0 -2.8
190.0 -200.0 -3.5
200.0 -200.0 -0.9
210.0 -200.0 -1.3
220.0 -200.0 1.2
230.0 -200.0 -1.5
240.0 -200.0 -1.9
250.0 -200.0 -0.2
-250.0 -150.0 -1
-240.0 -150.0 0.2
-230.0 -150.0 -0.4
-220.0 -150.0 -2.8
-210.0 -150.0 -1.4
-200.0 -150.0 -0.9
-190.0 -150.0 -2
-180.0 -150.0 0.8
-170.0 -150.0 0.5
-160.0 -150.0 0.4
-150.0 -150.0 3.9
-140.0 -150.0 5.3
-130.0 -150.0 10.2
-120.0 -150.0 19.2
-110.0 -150.0 39.6
-100.0 -150.0 36.5
-90.0 -150.0 13.1
-80.0 -150.0 2
-70.0 -150.0 -1.6
-60.0 -150.0 -2.1
-50.0 -150.0 -2.4
-40.0 -150.0 -4.2
-30.0 -150.0 -3.6
-20.0 -150.0 -4.6
-10.0 -150.0 -2.8
0.0 -150.0 -6.3
10.0 -150.0 -2.9
20.0 -150.0 -1.4
30.0 -150.0 -3.8
40.0 -150.0 -3.2
50.0 -150.0 -3.4
60.0 -150.0 -2.5
70.0 -150.0 -3.3
80.0 -150.0 -1.3
90.0 -150.0 -2.7
100.0 -150.0 -2.4
110.0 -150.0 -1.4
120.0 -150.0 -1.4
130.0 -150.0 -0.6
140.0 -150.0 -2.2
150.0 -150.0 -1.8
160.0 -150.0 -1.9
170.0 -150.0 -4
180.0 -150.0 -0.9
190.0 -150.0 2.2
200.0 -150.0 -1.7
210.0 -150.0 -1.7
220.0 -150.0 -1.6
230.0 -150.0 -1.3
240.0 -150.0 -1.4
250.0 -150.0 -3
-250.0 -100.0 -0.8
-240.0 -100.0 -0.7
-230.0 -100.0 -0.3
-220.0 -100.0 2
-210.0 -100.0 -1.5
-200.0 -100.0 0.9
-190.0 -100.0 2.5
-180.0 -100.0 2.6
-170.0 -100.0 4.8
-160.0 -100.0 5.5
-150.0 -100.0 7.1
-140.0 -100.0 11.6
-130.0 -100.0 27.5
-120.0 -100.0 44.6
-110.0 -100.0 30.6
-100.0 -100.0 9.5
-90.0 -100.0 -2.1
-80.0 -100.0 -1.2
-70.0 -100.0 -2.3
-60.0 -100.0 -4.5
-50.0 -100.0 -3.7
-40.0 -100.0 -2.9
-30.0 -100.0 -3.6
-20.0 -100.0 -2.6
-10.0 -100.0 -3.6
0.0 -100.0 -2.3
10.0 -100.0 -0.8
20.0 -100.0 -4.8
30.0 -100.0 -2.1
40.0 -100.0 -1.4
50.0 -100.0 -3.9
60.0 -100.0 -2.3
70.0 -100.0 -2.6
80.0 -100.0 -3.6
90.0 -100.0 -3.5
100.0 -100.0 -1.9
110.0 -100.0 -0.3
120.0 -100.0 -0.5
130.0 -100.0 -3.2
140.0 -100.0 -0.6
150.0 -100.0 -0.4
160.0 -100.0 -2.6
170.0 -100.0 -3.6
180.0 -100.0 -1.1
190.0 -100.0 -1.7
200.0 -100.0 -2
210.0 -100.0 -0.7
220.0 -100.0 -2.4
230.0 -100.0 -2.5
240.0 -100.0 -1.9
250.0 -100.0 -0.8
-250.0 -50.0 -0.4
-240.0 -50.0 0.5
-230.0 -50.0 -0.3
-220.0 -50.0 1
-210.0 -50.0 -0.8
-200.0 -50.0 0.2
-190.0 -50.0 2.6
-180.0 -50.0 3.5
-170.0 -50.0 4.2
-160.0 -50.0 8.8
-150.0 -50.0 16.7
-140.0 -50.0 32.8
-130.0 -50.0 43.9
-120.0 -50.0 21.9
-110.0 -50.0 2.8
-100.0 -50.0 -1.3
-90.0 -50.0 -2.7
-80.0 -50.0 -3.1
-70.0 -50.0 -1.9
-60.0 -50.0 -3.2
-50.0 -50.0 -2.1
-40.0 -50.0 -2.1
-30.0 -50.0 -2
-20.0 -50.0 -2.6
-10.0 -50.0 -3.8
0.0 -50.0 -3.3
10.0 -50.0 -3.7
20.0 -50.0 -2.4
30.0 -50.0 -2.6
40.0 -50.0 -1.3
50.0 -50.0 -0.4
60.0 -50.0 -1.2
70.0 -50.0 -2.1
80.0 -50.0 -1.9
90.0 -50.0 0
100.0 -50.0 -2.3
110.0 -50.0 -1.7
120.0 -50.0 -0.7
130.0 -50.0 -1.5
140.0 -50.0 -0.7
150.0 -50.0 -2.5
160.0 -50.0 -2.5
170.0 -50.0 0.2
180.0 -50.0 -0.6
190.0 -50.0 -0.1
200.0 -50.0 -1
210.0 -50.0 -1.1
220.0 -50.0 -2.1
230.0 -50.0 0.1
240.0 -50.0 -0.8
250.0 -50.0 -1
-250.0 0.0 1.2
-240.0 0.0 0.8
-230.0 0.0 0.5
-220.0 0.0 1.4
-210.0 0.0 0.9
-200.0 0.0 3
-190.0 0.0 3.8
-180.0 0.0 5
-170.0 0.0 11.2
-160.0 0.0 20.2
-150.0 0.0 40.9
-140.0 0.0 40.1
-130.0 0.0 12.8
-120.0 0.0 3.2
-110.0 0.0 -0.1
-100.0 0.0 -3.2
-90.0 0.0 -2.1
-80.0 0.0 -2.2
-70.0 0.0 -4.8
-60.0 0.0 -1.8
-50.0 0.0 -2.2
-40.0 0.0 -0.9
-30.0 0.0 -1.5
-20.0 0.0 -0.9
-10.0 0.0 -0.5
0.0 0.0 -1.7
10.0 0.0 -1.2
20.0 0.0 -2.8
30.0 0.0 -1.3
40.0 0.0 -1.6
50.0 0.0 -0.6
60.0 0.0 -4.1
70.0 0.0 -0.7
80.0 0.0 -1.2
90.0 0.0 -2.7
100.0 0.0 2
110.0 0.0 -2.4
120.0 0.0 -1.7
130.0 0.0 -0.2
140.0 0.0 -2.6
150.0 0.0 -1.7
160.0 0.0 -1.9
170.0 0.0 -0.3
180.0 0.0 -0.4
190.0 0.0 0.7
200.0 0.0 -2.2
210.0 0.0 -0.9
220.0 0.0 0.6
230.0 0.0 1.1
240.0 0.0 1.9
250.0 0.0 -1.2
-250.0 50.0 2
-240.0 50.0 2.4
-230.0 50.0 0.8
-220.0 50.0 1.5
-210.0 50.0 4.4
-200.0 50.0 3.6
-190.0 50.0 8.9
-180.0 50.0 13.3
-170.0 50.0 25.5
-160.0 50.0 44
-150.0 50.0 32.8
-140.0 50.0 7.5
-130.0 50.0 0.5
-120.0 50.0 -3
-110.0 50.0 -1.1
-100.0 50.0 -2.7
-90.0 50.0 -1.2
-80.0 50.0 -3.3
-70.0 50.0 -2.9
-60.0 50.0 -3.5
-50.0 50.0 -2.7
-40.0 50.0 -3.6
-30.0 50.0 -1.9
-20.0 50.0 -2.8
-10.0 50.0 -2.2
0.0 50.0 -0.8
10.0 50.0 -2.1
20.0 50.0 -2
30.0 50.0 -1.7
40.0 50.0 -1.7
50.0 50.0 -0.2
60.0 50.0 -0.7
70.0 50.0 -0.6
80.0 50.0 -1.9
90.0 50.0 -3
100.0 50.0 -1.1
110.0 50.0 -3.8
120.0 50.0 -0.2
130.0 50.0 -0.2
140.0 50.0 -1.7
150.0 50.0 0.2
160.0 50.0 -1.6
170.0 50.0 1.5
180.0 50.0 -0.3
190.0 50.0 -0.7
200.0 50.0 0.5
210.0 50.0 -0.3
220.0 50.0 -1.5
230.0 50.0 0.2
240.0 50.0 0.7
250.0 50.0 -0.4
-250.0 100.0 1.9
-240.0 100.0 0.9
-230.0 100.0 3.5
-220.0 100.0 3.2
-210.0 100.0 6.3
-200.0 100.0 10.5
-190.0 100.0 18.6
-180.0 100.0 33.3
-170.0 100.0 43
-160.0 100.0 21.8
-150.0 100.0 5.7
-140.0 100.0 -0.4
-130.0 100.0 -0.1
-120.0 100.0 -2.5
-110.0 100.0 -1.9
-100.0 100.0 -1.7
-90.0 100.0 -2.2
-80.0 100.0 -2
-70.0 100.0 -1.6
-60.0 100.0 -2.8
-50.0 100.0 -0.2
-40.0 100.0 -3
-30.0 100.0 -3.1
-20.0 100.0 -1.8
-10.0 100.0 -2.4
0.0 100.0 0.9
10.0 100.0 0.7
20.0 100.0 -1
30.0 100.0 0.1
40.0 100.0 -0.7
50.0 100.0 -0.8
60.0 100.0 -1
70.0 100.0 -2.4
80.0 100.0 -0.2
90.0 100.0 0.7
100.0 100.0 -0.5
110.0 100.0 -0.4
120.0 100.0 -0.8
130.0 100.0 -1.1
140.0 100.0 -0.1
150.0 100.0 1.5
160.0 100.0 -0.3
170.0 100.0 1.2
180.0 100.0 -0.6
190.0 100.0 1.3
200.0 100.0 -0.5
210.0 100.0 -0.9
220.0 100.0 0.1
230.0 100.0 -0.6
240.0 100.0 -0.1
250.0 100.0 0.2
-250.0 150.0 2.3
-240.0 150.0 3.6
-230.0 150.0 5.3
-220.0 150.0 8.7
-210.0 150.0 12.9
-200.0 150.0 20.6
-190.0 150.0 40.8
-180.0 150.0 40
-170.0 150.0 14
-160.0 150.0 1.5
-150.0 150.0 -1.2
-140.0 150.0 -1.7
-130.0 150.0 -2.3
-120.0 150.0 -0.8
-110.0 150.0 -0.8
-100.0 150.0 -2.5
-90.0 150.0 -1.7
-80.0 150.0 -2.9
-70.0 150.0 -1.7
-60.0 150.0 -2.1
-50.0 150.0 -0.3
-40.0 150.0 -1.3
-30.0 150.0 -2.3
-20.0 150.0 -2.6
-10.0 150.0 0.5
0.0 150.0 0.6
10.0 150.0 -1.5
20.0 150.0 0.7
30.0 150.0 -2.4
40.0 150.0 -1.6
50.0 150.0 1.1
60.0 150.0 1.9
70.0 150.0 1.2
80.0 150.0 0
90.0 150.0 -1.4
100.0 150.0 0.2
110.0 150.0 0.1
120.0 150.0 -0.9
130.0 150.0 0.1
140.0 150.0 -0.1
150.0 150.0 -1.1
160.0 150.0 3
170.0 150.0 0.9
180.0 150.0 0.4
190.0 150.0 -0.2
200.0 150.0 0.6
210.0 150.0 0.5
220.0 150.0 1.5
230.0 150.0 -0.4
240.0 150.0 1.8
250.0 150.0 -0.2
-250.0 200.0 3.8
-240.0 200.0 4.4
-230.0 200.0 6.3
-220.0 200.0 14.6
-210.0 200.0 27.6
-200.0 200.0 43.5
-190.0 200.0 31.6
-180.0 200.0 8.1
-170.0 200.0 0.2
-160.0 200.0 0.3
-150.0 200.0 -2.8
-140.0 200.0 -3.1
-130.0 200.0 -3.3
-120.0 200.0 -1.2
-110.0 200.0 -3.6
-100.0 200.0 -2.6
-90.0 200.0 -1.7
-80.0 200.0 -2.6
-70.0 200.0 -1
-60.0 200.0 -1.6
-50.0 200.0 -2
-40.0 200.0 0.2
-30.0 200.0 -0.9
-20.0 200.0 -0.6
-10.0 200.0 -2.1
0.0 200.0 0.4
10.0 200.0 -1.2
20.0 200.0 0.8
30.0 200.0 -0.4
40.0 200.0 0.8
50.0 200.0 -0.6
60.0 200.0 -0.8
70.0 200.0 -0.6
80.0 200.0 -0.1
90.0 200.0 0.4
100.0 200.0 -0.5
110.0 200.0 -1.7
120.0 200.0 -0.4
130.0 200.0 -0.5
140.0 200.0 0.4
150.0 200.0 0
160.0 200.0 2.2
170.0 200.0 0.9
180.0 200.0 -0.2
190.0 200.0 1.2
200.0 200.0 1.3
210.0 200.0 3.4
220.0 200.0 1.6
230.0 200.0 -0.1
240.0 200.0 -1.6
250.0 200.0 0.4
-250.0 250.0 6.9
-240.0 250.0 10.2
-230.0 250.0 19.3
-220.0 250.0 34.4
-210.0 250.0 45.6
-200.0 250.0 21.5
-190.0 250.0 5.2
-180.0 250.0 0.7
-170.0 250.0 -1
-160.0 250.0 -1
-150.0 250.0 -2
-140.0 250.0 -0.9
-130.0 250.0 -1
-120.0 250.0 -1
-110.0 250.0 -1.2
-100.0 250.0 -1.4
-90.0 250.0 -2.5
-80.0 250.0 -1.5
-70.0 250.0 0.2
-60.0 250.0 -0.5
-50.0 250.0 -0.4
-40.0 250.0 -1.6
-30.0 250.0 0.7
-20.0 250.0 -0.9
-10.0 250.0 -1
0.0 250.0 -0.2
10.0 250.0 0.2
20.0 250.0 -1.2
30.0 250.0 1.6
40.0 250.0 -0.9
50.0 250.0 -0.1
60.0 250.0 -0.2
70.0 250.0 -1
80.0 250.0 -0.1
90.0 250.0 1
100.0 250.0 0.6
110.0 250.0 0
120.0 250.0 1.1
130.0 250.0 1.8
140.0 250.0 -0.5
150.0 250.0 1.1
160.0 250.0 0.5
170.0 250.0 1.5
180.0 250.0 0.9
190.0 250.0 2
200.0 250.0 2.4
210.0 250.0 0.1
220.0 250.0 2
230.0 250.0 2.5
240.0 250.0 2.9
250.0 250.0 1.7
